#    Num. of WP
   171
#    ID    WP_x[m]         WP_y[m]          Velocity[m/s]		CUT_Flag[1:down:2:up]		area_type
     1     -46465.4366     -14708.9912          0.0000	              0                         0
#     2     -46465.3753     -14708.8759         -0.2000	              0                         0
     2     -46465.3753     -14708.8759          0.2000	              0                         0
     3     -46465.0931     -14708.4193          0.9000	              0                         0
     4     -46464.7519     -14707.8318          1.2000	              0                         0
     5     -46464.4836     -14707.3596          1.4000	              0                         0
     6     -46464.1829     -14706.8268          1.6000	              0                         0
     7     -46463.9086     -14706.2200          1.7000	              0                         0
     8     -46463.6214     -14705.5877          1.7000	              1                         0
     9     -46463.3405     -14704.9687          1.6000	              0                         0
    10     -46463.0646     -14704.2960          1.8000	              0                         0
    11     -46462.7904     -14703.5854          1.8000	              0                         0
    12     -46462.5306     -14702.8938          1.8000	              0                         0
    13     -46462.2716     -14702.1809          1.9000	              0                         0
    14     -46461.9959     -14701.3933          2.0000	              0                         0
    15     -46461.7218     -14700.6107          2.0000	              0                         0
    16     -46461.4682     -14699.8343          2.0000	              0                         0
    17     -46461.2115     -14699.0606          2.0000	              0                         0
    18     -46460.9721     -14698.2489          2.0000	              0                         0
    19     -46460.7354     -14697.4066          2.2000	              0                         0
    20     -46460.4933     -14696.5474          2.2000	              0                         0
    21     -46460.2665     -14695.7139          2.1000	              0                         0
    22     -46460.0475     -14694.8874          2.1000	              0                         0
    23     -46459.8382     -14694.0454          2.1000	              0                         0
    24     -46459.6440     -14693.2060          2.1000	              0                         0
    25     -46459.4539     -14692.3718          2.1000	              0                         0
    26     -46459.2778     -14691.5620          2.0000	              0                         0
    27     -46459.0875     -14690.7228          2.1000	              0                         0
    28     -46458.9130     -14689.9018          2.0000	              2                         0
    29     -46458.7560     -14689.1128          1.9000	              0                         0
    30     -46458.5935     -14688.3085          2.0000	              0                         0
#    31     -46458.4163     -14687.5046          0.0000	              0                         0
    31     -46458.4163     -14687.5046          2.0000	              0                         0
    32     -46458.2136     -14686.7170          2.0000	              0                         0
    33     -46458.0186     -14685.9073          2.0000	              0                         0
    34     -46457.8554     -14685.0703          2.1000	              0                         0
    35     -46457.8096     -14684.2372          2.1000	              0                         0
    36     -46457.8873     -14683.4070          2.0000	              0                         0
    37     -46458.0939     -14682.6383          1.8000	              0                         0
    38     -46458.4388     -14681.8975          2.0000	              0                         0
    39     -46458.9478     -14681.1938          2.1000	              0                         0
    40     -46459.5225     -14680.6539          2.0000	              0                         0
    41     -46460.1625     -14680.2117          2.0000	              0                         0
    42     -46460.9098     -14679.8840          2.1000	              0                         0
    43     -46461.7182     -14679.6785          2.0000	              0                         0
    44     -46462.5448     -14679.5749          2.0000	              0                         0
    45     -46463.4146     -14679.5422          2.1000	              0                         0
    46     -46464.2426     -14679.5217          2.0000	              0                         0
    47     -46465.1085     -14679.5125          2.0000	              0                         0
    48     -46465.9709     -14679.4933          2.1000	              0                         0
    49     -46466.8387     -14679.4587          2.1000	              0                         0
    50     -46467.7012     -14679.4035          2.1000	              0                         0
    51     -46468.5465     -14679.3730          2.0000	              0                         0
    52     -46469.3600     -14679.3128          2.0000	              1                         0
    53     -46470.2050     -14679.2458          2.1000	              0                         0
    54     -46471.0704     -14679.1320          2.2000	              0                         0
    55     -46471.8907     -14679.0649          2.0000	              0                         0
    56     -46472.7117     -14678.9991          2.1000	              0                         0
    57     -46473.5602     -14678.9100          2.0000	              0                         0
    58     -46474.3647     -14678.7973          1.8000	              0                         0
    59     -46475.2185     -14678.6578          2.2000	              0                         0
    60     -46476.0357     -14678.4852          2.1000	              0                         0
    61     -46476.7924     -14678.3782          1.8000	              0                         0
    62     -46477.6067     -14678.2078          2.0000	              0                         0
    63     -46478.4621     -14678.0515          2.1000	              0                         0
    64     -46479.2923     -14677.8648          2.0000	              0                         0
    65     -46480.1420     -14677.6748          2.1000	              0                         0
    66     -46480.9612     -14677.4697          2.1000	              0                         0
    67     -46481.7651     -14677.2337          2.0000	              2                         0
    68     -46482.5346     -14676.9380          1.9000	              0                         0
    69     -46483.3181     -14676.5866          2.2000	              0                         0
    70     -46484.1183     -14676.2290          2.2000	              0                         0
    71     -46485.0231     -14676.0309          2.3000	              0                         0
    72     -46485.7919     -14675.9167          1.8000	              0                         0
    73     -46486.6445     -14675.8979          2.1000	              0                         0
    74     -46487.1413     -14675.9885          2.5000	              0                         0
    75     -46487.9943     -14676.2147          2.3000	              0                         0
    76     -46488.7866     -14676.5830          2.1000	              0                         0
    77     -46489.4938     -14677.0510          2.0000	              0                         0
    78     -46490.1120     -14677.6409          2.0000	              0                         0
    79     -46490.6364     -14678.3867          2.1000	              0                         0
    80     -46491.0193     -14679.2018          2.1000	              0                         0
    81     -46491.2992     -14680.0397          2.2000	              0                         0
    82     -46491.5216     -14680.9393          2.2000	              0                         0
    83     -46491.7214     -14681.8200          2.1000	              0                         0
    84     -46491.9508     -14682.6523          2.0000	              0                         0
    85     -46492.1610     -14683.5151          2.1000	              0                         0
    86     -46492.3902     -14684.4050          2.2000	              0                         0
    87     -46492.6451     -14685.3152          2.4000	              0                         0
    88     -46492.8591     -14686.1580          2.3000	              0                         0
    89     -46493.0518     -14687.0316          2.0000	              0                         0
    90     -46493.2486     -14687.8997          2.1000	              0                         0
    91     -46493.4367     -14688.8213          2.2000	              0                         0
    92     -46493.5471     -14689.6837          1.9000	              0                         0
    93     -46493.6615     -14690.1833          2.5000	              0                         0
    94     -46493.8325     -14691.0450          2.2000	              0                         0
    95     -46494.0175     -14691.8566          2.1000	              0                         0
    96     -46494.1148     -14692.6695          2.1000	              0                         0
    97     -46494.0912     -14693.5607          2.3000	              0                         0
    98     -46494.0498     -14694.1304          2.8000	              0                         0
    99     -46493.7010     -14694.8671          2.3000	              0                         0
   100     -46493.3720     -14695.6489          2.8000	              0                         0
   101     -46492.9033     -14696.2921          2.1000	              0                         0
   102     -46492.3827     -14696.8930          1.6000	              0                         0
   103     -46491.7026     -14697.3755          2.0000	              0                         0
   104     -46491.0095     -14697.6637          1.8000	              0                         0
   105     -46490.2789     -14697.9281          1.9000	              0                         0
   106     -46489.5212     -14698.1180          1.9000	              0                         0
   107     -46488.7404     -14698.2567          2.0000	              1                         0
   108     -46487.8944     -14698.3885          2.1000	              0                         0
   109     -46487.0431     -14698.5017          2.1000	              0                         0
   110     -46486.1708     -14698.6422          2.1000	              0                         0
   111     -46485.3482     -14698.7780          2.1000	              0                         0
   112     -46484.4552     -14698.9050          2.1000	              0                         0
   113     -46483.5783     -14699.0717          2.1000	              0                         0
   114     -46482.7271     -14699.2442          2.1000	              0                         0
   115     -46481.9057     -14699.4292          2.0000	              0                         0
   116     -46481.0961     -14699.6227          2.0000	              0                         0
   117     -46480.3001     -14699.8230          2.0000	              0                         0
   118     -46479.4651     -14700.0268          2.1000	              0                         0
   119     -46478.6380     -14700.2353          2.1000	              0                         0
   120     -46477.8128     -14700.4564          2.1000	              0                         0
   121     -46477.0166     -14700.6706          2.0000	              0                         0
   122     -46476.2387     -14700.8878          2.0000	              0                         0
   123     -46475.4719     -14701.0981          1.9000	              0                         0
   124     -46474.6653     -14701.3223          2.0000	              2                         0
   125     -46473.8712     -14701.5146          2.0000	              0                         0
   126     -46473.0794     -14701.7110          2.0000	              0                         0
   127     -46472.2986     -14701.9193          2.0000	              0                         0
   128     -46471.4362     -14702.1267          2.1000	              0                         0
   129     -46470.6240     -14702.3683          2.1000	              0                         0
   130     -46469.7868     -14702.5889          2.2000	              0                         0
   131     -46469.0111     -14702.8176          2.1000	              0                         0
   132     -46468.2528     -14703.0346          1.9000	              0                         0
   133     -46467.4699     -14703.2582          2.0000	              0                         0
   134     -46466.6949     -14703.5133          1.9000	              0                         0
   135     -46465.9569     -14703.8061          1.9000	              0                         0
   136     -46465.2185     -14704.0867          1.9000	              0                         0
   137     -46464.4708     -14704.2362          1.8000	              0                         0
   138     -46463.6995     -14704.2599          1.8000	              0                         0
   139     -46462.9743     -14704.1707          1.8000	              0                         0
   140     -46462.3457     -14703.8932          1.6000	              0                         0
   141     -46461.7806     -14703.4745          1.7000	              0                         0
   142     -46461.4151     -14702.9050          1.7000	              0                         0
   143     -46461.1603     -14702.2770          1.6000	              0                         0
   144     -46460.9723     -14701.5860          1.7000	              0                         0
   145     -46460.8154     -14700.9206          1.7000	              0                         0
   146     -46460.6720     -14700.2848          1.5000	              0                         0
   147     -46460.4974     -14699.6626          1.5000	              0                         0
   148     -46460.3078     -14699.0730          1.4000	              0                         0
   149     -46460.1100     -14698.5443          1.4000	              0                         0
   150     -46459.9169     -14697.9485          0.7000	              0                         0
   151     -46459.8837     -14697.8781         -0.5000	              0                         0
   152     -46460.0483     -14698.4792         -0.7000	              0                         0
   153     -46460.2419     -14699.1760         -1.3000	              0                         0
   154     -46460.4257     -14699.8957         -1.2000	              0                         0
   155     -46460.6111     -14700.5974         -1.2000	              0                         0
   156     -46460.8205     -14701.2979         -1.2000	              0                         0
   157     -46461.0545     -14702.0009         -1.2000	              0                         0
   158     -46461.1989     -14702.4879         -1.2000	              0                         0
   159     -46461.3562     -14702.9654         -1.2000	              0                         0
   160     -46461.5176     -14703.4426         -1.2000	              0                         0
   161     -46461.7594     -14704.1542         -1.2000	              0                         0
   162     -46461.9282     -14704.6269         -1.2000	              0                         0
   163     -46462.1576     -14705.3307         -1.2000	              0                         0
   164     -46462.3177     -14705.8172         -1.2000	              0                         0
   165     -46462.5659     -14706.4901         -1.1000	              0                         0
   166     -46462.8096     -14707.2033         -1.2000	              0                         0
   167     -46463.0850     -14707.8789         -1.2000	              0                         0
   168     -46463.3461     -14708.5371         -1.1000	              0                         0
   169     -46463.5357     -14709.0217         -0.1000	              0                         0
   170     -46463.7769     -14709.5652         -0.5000	              0                         0
   171     -46463.8738     -14709.7704          0.0000	              0                         0
#	Start Positionn#     -46465.4366     -14708.9912          1.0820
