#     Start     Position                         
#     -46466.4889     -14705.1693     1.1521                    
#     Num.     of     WP                    
     143                              
#     ID     WP_x[m]     WP_y[m]     Velocity[m/s]     CUT_Flag[1:down:2:up]     area_type     gain_id
     1     -46466.4889     -14705.1693     0     0     0     0
     2	   -46466.2744     -14704.7176     0.3	 0     0     0
     3	   -46466.06	   -14704.266      0.5     0     0     0
     4     -46465.8455     -14703.8143     0.7     0     0     0
     5     -46465.631      -14703.3626     1     0     0     0
     6     -46465.4166     -14702.911      1     0     0     0
     7     -46465.2021     -14702.4593     1     0     0     0
     8     -46464.9876     -14702.0076     1     0     0     0
     9     -46464.7732     -14701.556      1     0     0     0
     10    -46464.5587     -14701.1043     1     0     0     0
     11    -46464.3442     -14700.6526     1     0     0     0
     12    -46464.1297     -14700.201      1     0     0     0
     13    -46463.9153     -14699.7493     1     0     0     0
     14    -46463.7055     -14699.2954     1     1     0     0
     15    -46463.4958     -14698.8415      1     0     0     0
     16    -46463.2860     -14698.3877     1     0     0     0
     17    -46463.0763     -14697.9338     1     0     0     0
     18    -46462.8665     -14697.4799      1     0     0     0
     19    -46462.6568     -14697.0260     1     0     0     0
     20    -46462.4470      -14696.5722     1     0     0     0
     21    -46462.2372     -14696.1183      1     0     0     0
     22    -46462.0275     -14695.6644     1     0     0     0
     23    -46461.8177     -14695.2105     1     0     0     0
     24    -46461.6080     -14694.7567      1     0     0     0
     25    -46461.3982     -14694.3028     1     0     0     0
     26    -46461.1885     -14693.8489     1     0     0     0
     27    -46460.9787     -14693.3950     1     0     0     0
     28    -46460.7690     -14692.9412     1     0     0     0
     29    -46460.5592     -14692.4873     1     0     0     0
     30    -46460.3494     -14692.0334     1     0     0     0
     31    -46460.1397     -14691.5795     1     0     0     0
     32    -46459.9299     -14691.1257     1     0     0     0
     33    -46459.7202     -14690.6718     1     0     0     0
     34    -46459.5104     -14690.2179     1     0     0     0  
     35    -46459.3825     -14689.9411     1     2     0     0
#     Circle                              
                                   
     36     -46459.1418     -14689.2669     1     0     0     1
     37     -46459.0469     -14688.7763     1     0     0     1
     38     -46459.014     -14688.2778     1     0     0     1
     39     -46459.0436     -14687.779     1     0     0     1
     40     -46459.135     -14687.2877     1     0     0     1
     41     -46459.287     -14686.8117     1     0     0     1
     42     -46459.4972     -14686.3584     1     0     0     1
     43     -46459.7622     -14685.9348     1     0     0     1
     44     -46460.078     -14685.5476     1     0     0     1
     45     -46460.4396     -14685.2027     1     0     0     1
     46     -46460.8414     -14684.9057     1     0     0     1
     47     -46461.2771     -14684.661     1     0     0     1
     48     -46461.7399     -14684.4725     1     0     0     1
     49     -46462.2225     -14684.3433     1     0     0     1
     50     -46462.7175     -14684.2752     1     0     0     1
     51     -46463.2172     -14684.2693     1     0     0     1
     52     -46463.7136     -14684.3258     1     0     0     1
     53     -46464.1992     -14684.4438     1     0     0     1
     54     -46464.6663     -14684.6214     1     0     0     1
     55     -46465.1075     -14684.8558     1     0     0     1
     56     -46465.5161     -14685.1434     1     0     0     1
     57     -46465.8857     -14685.4797     1     0     0     1
     58     -46466.2105     -14685.8594     1     0     0     1
     59     -46466.4853     -14686.2767     1     0     0     1
     60     -46466.706     -14686.725     1     0     0     1
     61     -46466.8691     -14687.1973     1     0     0     1
     62     -46466.9721     -14687.6863     1     0     0     1
     63     -46467.0132     -14688.1842     1     0     0     1
     64     -46466.992     -14688.6835     1     0     0     1
     65     -46466.9087     -14689.1761     1     0     0     1
     66     -46466.7646     -14689.6546     1     0     0     1
     67     -46466.562     -14690.1114     1     0     0     1
     68     -46466.304     -14690.5393     1     0     0     1
     69     -46465.9947     -14690.9317     1     0     0     1
     70     -46465.6389     -14691.2825     1     0     0     1
     71     -46465.2421     -14691.5862     1     0     0     1
     72     -46464.8105     -14691.8381     1     0     0     1
     73     -46464.3509     -14692.0342     1     0     0     1
     74     -46463.8705     -14692.1714     1     0     0     1
     75     -46463.3766     -14692.2477     1     0     0     1
     76     -46462.7446     -14692.2551     1     0     0     1
     77     -46462.2491     -14692.1904     1     0     0     1
     78     -46461.7656     -14692.0644     1     0     0     1
     79     -46461.3016     -14691.8791     1     0     0     1
     80     -46460.8642     -14691.6374     1     0     0     1
     81     -46460.4605     -14691.343     1     0     0     1
     82     -46460.0965     -14691.0007     1     0     0     1
     83     -46459.7781     -14690.6156     1     0     0     1
     84     -46459.5102     -14690.1938     1     0     0     1
     85     -46459.297     -14689.7419     1     0     0     1 
#	End circle
     86     -46459.0814     -14689.2134     1     0     0     0
     87     -46458.8883     -14688.7522     1     0     0     0
     88     -46458.6951     -14688.291      1     0     0     0
     89     -46458.502      -14687.8299     1     0     0     0
     90     -46458.3088     -14687.3687     1     0     0     0
     91     -46458.1157     -14686.9075     1     0     0     0
     92     -46457.9225     -14686.4463     1     0     0     0
     93     -46457.7293     -14685.9851     1     0     0     0
     94     -46457.5362     -14685.5239     0.7     0     0     0 
     95     -46457.343      -14685.0628     0.5     0     0     0
     96     -46457.1499     -14684.6016     0.3     0     0     0                               
     97     -46456.9405     -14684.1017     0.1     0     0     0
#     Backward                              
     98     -46457.1499     -14684.6016     -0.1     0     0     0
     99     -46457.343      -14685.0628     -0.3     0     0     0
     100    -46457.5362     -14685.5239     -0.5     0     0     0
     101    -46457.7293     -14685.9851     -0.7     0     0     0
     102    -46457.9225     -14686.4463     -1     0     0     0
     103    -46458.1157     -14686.9075     -1     0     0     0
     104    -46458.3088     -14687.3687     -1     0     0     0
     105    -46458.502      -14687.8299     -1     0     0     0
     106    -46458.6951     -14688.291      -1     0     0     0
     107    -46458.8883     -14688.7522     -1     0     0     0
     108    -46459.0814     -14689.2134     -1     0     0     0
     109     -46459.2959      -14689.7156     -1     0     0     0
     110    -46459.5104     -14690.2179     -1     0     0     0 
     111    -46459.7202     -14690.6718     -1     0     0     0
     112    -46459.9299     -14691.1257     -1     0     0     0
     113    -46460.1397     -14691.5795     -1     0     0     0
     114    -46460.3494     -14692.0334     -1     0     0     0
     115    -46460.5592     -14692.4873     -1     0     0     0
     116    -46460.7690     -14692.9412     -1     0     0     0
     117    -46460.9787     -14693.3950     -1     0     0     0
     118    -46461.1885     -14693.8489     -1     0     0     0
     119    -46461.3982     -14694.3028     -1     0     0     0
     120    -46461.6080     -14694.7567     -1     0     0     0
     121    -46461.8177     -14695.2105     -1     0     0     0
     122    -46462.0275     -14695.6644     -1     0     0     0
     123    -46462.2372     -14696.1183     -1     0     0     0
     124    -46462.4470     -14696.5722     -1     0     0     0
     125    -46462.6568     -14697.0260     -1     0     0     0
     126    -46462.8665     -14697.4799     -1     0     0     0
     127    -46463.0763     -14697.9338     -1     0     0     0
     128    -46463.2860     -14698.3877     -1     0     0     0
     129    -46463.4958     -14698.8415     -1     0     0     0
     130    -46463.7055     -14699.2954     -1     0     0     0
     131    -46463.9153     -14699.7493     -1     0     0     0
     132    -46464.1297     -14700.201      -1     0     0     0
     133    -46464.3442     -14700.6526     -1     0     0     0
     134    -46464.5587     -14701.1043     -1     0     0     0
     135    -46464.7732     -14701.556      -1     0     0     0
     136    -46464.9876     -14702.0076     -1     0     0     0
     137    -46465.2021     -14702.4593     -1     0     0     0
     138    -46465.4166     -14702.911      -1     0     0     0
     139    -46465.631      -14703.3626     -1     0     0     0
     140    -46465.8455     -14703.8143     -0.7     0     0     0
     141    -46466.06	      -14704.266      -0.5     0     0     0
     142    -46466.2744     -14704.7176     -0.3	 0     0     0
     143    -46466.4889     -14705.1693     -0.1     0     0     0
