#    Num. of WP
    690
#    ID    WP_x[m]         WP_y[m]          Velocity[m/s]			CUT_Flag[1:down, 2:up]		area_type
     1     -46446.4334     -14695.9251          1.0000	0 0
     2     -46448.4931     -14695.5509          1.1286	0 0
     3     -46450.6784     -14694.9656          1.7212	0 0
     4     -46452.9660     -14694.3653          1.9571	0 0
     5     -46455.0297     -14693.9155          2.1624	0 0
     6     -46457.1280     -14693.4635          2.1525	0 0
     7     -46459.1794     -14693.0249          2.1299	0 0
     8     -46461.1799     -14692.5874          2.0527	0 0
     9     -46463.4749     -14692.1209          1.9202	0 0
    10     -46465.5426     -14691.6810          1.5194	0 0
    11     -46467.7750     -14691.1862          1.9312	0 0
    12     -46470.1017     -14690.7621          2.2161	0 0
    13     -46472.1945     -14690.4311          2.0872	0 0
    14     -46474.2757     -14690.1374          2.1202	0 0
    15     -46476.3154     -14689.8624          1.9678	0 0
    16     -46478.3613     -14689.5249          2.0498	0 0
    17     -46480.3785     -14689.1232          2.1087	0 0
    18     -46482.4435     -14688.7713          2.0176	0 0
    19     -46484.4442     -14688.4510          2.0433	0 0
    20     -46486.4644     -14688.1710          1.4629	0 0
    21     -46488.6421     -14687.7269          1.8754	0 0
    22     -46490.7930     -14687.3544          1.6995	0 0
    23     -46492.7631     -14686.9540          1.6191	0 0
    24     -46494.9439     -14686.6347          1.6806	0 0
    25     -46497.0219     -14686.1924          1.1468	0 0
    26     -46494.9911     -14686.0617         -1.0688	0 0
    27     -46495.7614     -14687.2518          1.5794	0 0
    28     -46496.0502     -14689.5214          1.7094	0 0
    29     -46497.3164     -14687.9078         -0.8245	0 0
    30     -46495.3541     -14688.5178          0.3988	0 0
    31     -46493.1157     -14688.8945          1.5601	0 0
    32     -46491.0029     -14689.1843          1.9305	0 0
    33     -46488.8311     -14689.5461          1.8685	0 0
    34     -46486.8524     -14689.9807          1.7329	0 0
    35     -46484.7818     -14690.3789          1.0321	0 0
    36     -46482.6586     -14690.9565          1.8654	0 0
    37     -46480.6763     -14691.3792          2.2202	0 0
    38     -46478.5348     -14691.7470          2.2069	0 0
    39     -46476.3916     -14692.1100          2.1384	0 0
    40     -46474.2216     -14692.4791          2.1342	0 0
    41     -46472.0430     -14692.8558          2.2300	0 0
    42     -46469.8850     -14693.2581          2.1346	0 0
    43     -46467.8768     -14693.6539          1.9269	0 0
    44     -46465.7115     -14694.1395          1.6344	0 0
    45     -46463.3331     -14694.6127          2.1595	0 0
    46     -46461.2193     -14694.9894          2.2518	0 0
    47     -46459.0697     -14695.4445          2.2813	0 0
    48     -46456.9344     -14695.9339          2.1664	0 0
    49     -46454.8375     -14696.3957          2.1216	0 0
    50     -46452.7549     -14696.9264          2.2654	0 0
    51     -46450.7428     -14697.3324          2.2189	0 0
    52     -46448.7727     -14697.8208          1.9836	0 0
    53     -46446.7063     -14698.3073          1.6929	0 0
    54     -46444.4456     -14698.7746          1.5464	0 0
    55     -46442.5170     -14699.6567          1.4203	0 0
    56     -46441.2518     -14701.3317          1.4927	0 0
    57     -46441.2586     -14699.1647         -1.2037	0 0
    58     -46442.1116     -14700.5497          1.4011	0 0
    59     -46443.9278     -14701.2336          1.0787	0 0
    60     -46445.9790     -14700.6116          0.7604	0 0
    61     -46448.0611     -14700.2518          1.6444	0 0
    62     -46450.1507     -14699.7598          1.8451	0 0
    63     -46452.4372     -14699.1950          1.9169	0 0
    64     -46454.4104     -14698.7615          2.1531	0 0
    65     -46456.4292     -14698.3900          2.0131	0 0
    66     -46458.4387     -14697.9885          2.0334	0 0
    67     -46460.4655     -14697.5657          2.0554	0 0
    68     -46462.5307     -14697.1431          2.1167	0 0
    69     -46464.5759     -14696.6752          2.1740	0 0
    70     -46466.6233     -14696.2254          2.0313	0 0
    71     -46468.6423     -14695.8388          2.0707	0 0
    72     -46470.7794     -14695.3911          2.1796	0 0
    73     -46472.9163     -14694.9823          2.2719	0 0
    74     -46474.9987     -14694.5929          2.1295	0 0
    75     -46477.1212     -14694.1788          2.2193	0 0
    76     -46479.1491     -14693.7942          2.1117	0 0
    77     -46481.2226     -14693.3644          2.0221	0 0
    78     -46483.4246     -14692.9482          2.1848	0 0
    79     -46485.6514     -14692.4636          2.1977	0 0
    80     -46487.8417     -14692.0196          1.5076	0 0
    81     -46490.1469     -14691.6969          1.8567	0 0
    82     -46492.3217     -14691.3373          1.8610	0 0
    83     -46494.5692     -14690.9865          1.7871	0 0
    84     -46496.6668     -14690.5803          1.8372	0 0
    85     -46498.6587     -14690.3088          1.1165	0 0
    86     -46496.4417     -14690.1504         -1.1991	0 0
    87     -46494.6116     -14689.3277         -1.0672	0 0
    88     -46495.6015     -14691.2675          1.8417	0 0
    89     -46495.2116     -14693.3010          1.6442	0 0
    90     -46497.1832     -14692.3634         -0.9788	0 0
    91     -46495.1256     -14692.8745          1.4700	0 0
    92     -46492.8568     -14693.3645          1.6596	0 0
    93     -46490.8063     -14693.8687          1.7561	0 0
    94     -46488.6241     -14694.2587          1.5733	0 0
    95     -46486.4510     -14694.6783          1.6655	0 0
    96     -46484.2084     -14695.1325          1.9873	0 0
    97     -46482.1038     -14695.5599          2.1672	0 0
    98     -46479.8547     -14695.9819          2.1608	0 0
    99     -46477.5819     -14696.4377          2.2393	0 0
   100     -46475.3413     -14696.8858          2.2317	0 0
   101     -46473.1306     -14697.3315          2.2027	0 0
   102     -46470.9355     -14697.7763          2.1651	0 0
   103     -46468.7004     -14698.2284          2.2795	0 0
   104     -46466.4980     -14698.6759          2.1956	0 0
   105     -46464.2645     -14699.1156          2.3852	0 0
   106     -46462.0805     -14699.5561          2.2638	0 0
   107     -46459.8972     -14700.0328          2.3166	0 0
   108     -46457.7404     -14700.5064          2.2120	0 0
   109     -46455.5697     -14701.0141          2.1888	0 0
   110     -46453.3863     -14701.5488          2.2056	0 0
   111     -46451.2172     -14701.9937          2.1962	0 0
   112     -46449.0842     -14702.4369          2.2937	0 0
   113     -46446.9685     -14702.9330          2.1255	0 0
   114     -46444.7704     -14703.4899          1.8566	0 0
   115     -46442.6232     -14703.8969          1.5230	0 0
   116     -46440.6399     -14704.4108          1.5125	0 0
   117     -46438.7901     -14705.8169          1.7862	0 0
   118     -46438.2616     -14708.0237          1.4842	0 0
   119     -46437.2275     -14706.0955         -1.0703	0 0
   120     -46438.9447     -14706.8874          1.1661	0 0
   121     -46441.0378     -14706.6021          0.5904	0 0
   122     -46442.9934     -14706.0726          1.3803	0 0
   123     -46445.0431     -14705.5790          1.9526	0 0
   124     -46447.0393     -14705.0990          2.0716	0 0
   125     -46449.1505     -14704.6468          2.1388	0 0
   126     -46451.8034     -14704.1048          2.2553	0 0
   127     -46453.9311     -14703.6373          2.1313	0 0
   128     -46456.0604     -14703.1986          2.1530	0 0
   129     -46458.1709     -14702.7431          2.1436	0 0
   130     -46460.3558     -14702.2818          2.2603	0 0
   131     -46462.4982     -14701.8596          2.1193	0 0
   132     -46464.6716     -14701.4277          2.0605	0 0
   133     -46466.7963     -14700.9822          2.2436	0 0
   134     -46468.9326     -14700.5488          2.1832	0 0
   135     -46471.0714     -14700.1260          2.1443	0 0
   136     -46473.2066     -14699.6682          2.2824	0 0
   137     -46475.3106     -14699.2524          2.1117	0 0
   138     -46477.3377     -14698.8171          2.0509	0 0
   139     -46479.4251     -14698.3965          2.1443	0 0
   140     -46481.4748     -14697.9737          2.1016	0 0
   141     -46483.6270     -14697.5394          2.4060	0 0
   142     -46485.8576     -14697.0417          2.2767	0 0
   143     -46488.1266     -14696.5333          2.2466	0 0
   144     -46490.1561     -14696.1788          1.6445	0 0
   145     -46492.1598     -14695.7260          1.7668	0 0
   146     -46494.4714     -14695.3568          1.8997	0 0
   147     -46496.7393     -14694.9112          1.8282	0 0
   148     -46498.7902     -14694.5106          1.4997	0 0
   149     -46500.8695     -14694.2798          0.8106	0 0
   150     -46498.7250     -14694.2298         -1.3593	0 0
   151     -46496.8301     -14693.3393         -1.0444	0 0
   152     -46498.1003     -14695.1881          1.4752	0 0
   153     -46498.1419     -14697.2344          1.9961	0 0
   154     -46496.7386     -14698.7398          0.9806	0 0
   155     -46498.4267     -14697.6280         -0.8939	0 0
   156     -46500.3177     -14696.8283         -0.7832	0 0
   157     -46498.1666     -14697.0933          0.9529	0 0
   158     -46495.9800     -14697.3109          1.8376	0 0
   159     -46493.7939     -14697.9244          2.1223	0 0
   160     -46491.7303     -14698.3169          1.8797	0 0
   161     -46489.6652     -14698.7174          2.2074	0 0
   162     -46487.5656     -14699.2118          2.2845	0 0
   163     -46485.3961     -14699.6296          2.1911	0 0
   164     -46483.0778     -14700.0627          2.3548	0 0
   165     -46480.7461     -14700.5131          2.2920	0 0
   166     -46478.5451     -14700.9700          2.2169	0 0
   167     -46476.2696     -14701.4312          2.4156	0 0
   168     -46474.0622     -14701.8985          2.1874	0 0
   169     -46471.8481     -14702.3508          2.2176	0 0
   170     -46469.6258     -14702.7678          2.3895	0 0
   171     -46467.3716     -14703.2159          2.3643	0 0
   172     -46465.1356     -14703.6610          2.3045	0 0
   173     -46462.9494     -14704.1217          2.1396	0 0
   174     -46460.7453     -14704.6352          2.2578	0 0
   175     -46458.6167     -14705.0942          2.2155	0 0
   176     -46456.4369     -14705.5341          2.1563	0 0
   177     -46454.3135     -14705.9720          2.1353	0 0
   178     -46452.2403     -14706.4036          2.0551	0 0
   179     -46450.1574     -14706.8571          2.1398	0 0
   180     -46447.9767     -14707.3401          2.3148	0 0
   181     -46445.8558     -14707.8169          2.1941	0 0
   182     -46443.8446     -14708.3357          2.0151	0 0
   183     -46441.7703     -14708.8592          1.6866	0 0
   184     -46439.7708     -14709.4454          1.9778	0 0
   185     -46437.8981     -14710.3770          1.7488	0 0
   186     -46436.6141     -14711.9645          1.8627	0 0
   187     -46436.5479     -14714.1841          1.4663	0 0
   188     -46435.5432     -14712.2156         -1.2123	0 0
   189     -46436.5328     -14712.1634          1.4079	0 0
   190     -46438.6471     -14711.8316          0.9220	0 0
   191     -46440.7085     -14711.2245          1.1305	0 0
   192     -46442.7369     -14710.8112          1.7710	0 0
   193     -46445.0837     -14710.3317          2.1384	0 0
   194     -46447.1384     -14709.8864          2.1531	0 0
   195     -46449.2530     -14709.4448          2.2068	0 0
   196     -46451.3743     -14709.0001          2.0532	0 0
   197     -46453.4824     -14708.5162          2.1080	0 0
   198     -46455.6337     -14708.0788          2.2238	0 0
   199     -46457.7680     -14707.6635          2.1387	0 0
   200     -46459.8847     -14707.2326          2.1460	0 0
   201     -46461.9316     -14706.7719          2.0018	0 0
   202     -46464.0501     -14706.3452          2.2006	0 0
   203     -46466.1107     -14705.9583          2.1510	0 0
   204     -46468.3945     -14705.5135          1.8741	0 0
   205     -46470.4048     -14705.2157          1.6887	0 0
   206     -46472.4301     -14704.9986          1.7433	0 0
   207     -46474.4444     -14705.3026          1.6947	0 0
   208     -46473.5713     -14703.2766         -1.2981	0 0
   209     -46473.3765     -14705.5734          1.7009	0 0
   210     -46471.8940     -14707.0460          1.9354	0 0
   211     -46469.6164     -14707.5653          1.9331	0 0
   212     -46467.4341     -14707.7965          1.8156	0 0
   213     -46465.3491     -14708.2521          1.1920	0 0
   214     -46463.2298     -14708.7448          0.6826	0 0
   215     -46461.2405     -14709.2177          1.5348	0 0
   216     -46459.2025     -14709.6672          1.8031	0 0
   217     -46456.9716     -14710.1154          1.9736	0 0
   218     -46454.9641     -14710.5762          2.1268	0 0
   219     -46452.9301     -14711.0022          2.0710	0 0
   220     -46450.8940     -14711.3895          2.0617	0 0
   221     -46448.8612     -14711.8167          2.1366	0 0
   222     -46446.7874     -14712.2823          2.1984	0 0
   223     -46444.7534     -14712.6858          2.0526	0 0
   224     -46442.7769     -14713.1483          2.0806	0 0
   225     -46440.5155     -14713.6968          1.8671	0 0
   226     -46438.4049     -14714.2023          1.6876	0 0
   227     -46436.5471     -14715.1823          1.7861	0 0
   228     -46435.4307     -14716.8443          1.6047	0 0
   229     -46435.4655     -14718.8813          1.2074	0 0
   230     -46434.5459     -14716.8460         -1.2264	0 0
   231     -46435.3191     -14716.6795          1.0260	0 0
   232     -46437.3456     -14716.6886          0.8938	0 0
   233     -46439.3161     -14716.2066          1.2177	0 0
   234     -46441.6023     -14715.7416          1.9576	0 0
   235     -46443.6784     -14715.2983          2.1820	0 0
   236     -46445.7549     -14714.8131          2.1355	0 0
   237     -46447.7983     -14714.3732          2.0885	0 0
   238     -46449.8243     -14714.0209          2.0165	0 0
   239     -46451.7874     -14713.6363          1.9846	0 0
   240     -46454.0389     -14713.2215          2.0100	0 0
   241     -46456.0284     -14712.5485          2.1358	0 0
   242     -46457.9783     -14711.4553          2.1866	0 0
   243     -46459.8392     -14710.0845          2.2368	0 0
   244     -46461.6669     -14708.7299          2.4079	0 0
   245     -46463.6960     -14707.6156          2.3133	0 0
   246     -46465.7905     -14706.6541          2.3138	0 0
   247     -46467.9300     -14705.7758          2.3714	0 0
   248     -46470.0577     -14705.0018          2.1572	0 0
   249     -46472.2247     -14704.2062          2.4051	0 0
   250     -46474.3147     -14703.4214          2.0728	0 0
   251     -46476.3844     -14702.6262          2.2848	0 0
   252     -46478.3876     -14701.8149          2.1624	0 0
   253     -46480.4475     -14700.9041          2.2498	0 0
   254     -46482.4672     -14700.0445          2.2369	0 0
   255     -46484.6065     -14699.1456          2.4435	0 0
   256     -46486.7940     -14698.1554          2.4569	0 0
   257     -46488.8981     -14696.9632          2.3847	0 0
   258     -46490.6310     -14695.7475          1.7258	0 0
   259     -46492.3187     -14694.1839          2.0434	0 0
   260     -46493.5620     -14692.3575          2.1878	0 0
   261     -46494.4328     -14690.2535          1.8829	0 0
   262     -46494.4471     -14688.2248          2.0109	0 0
   263     -46493.6738     -14686.1040          1.8998	0 0
   264     -46491.9784     -14684.6806          1.7132	0 0
   265     -46494.0008     -14684.0963         -1.0253	0 0
   266     -46496.0291     -14683.7666         -0.6588	0 0
   267     -46493.8048     -14684.1255          1.5928	0 0
   268     -46491.6128     -14684.5942          2.1011	0 0
   269     -46489.5704     -14684.9486          2.0207	0 0
   270     -46487.4483     -14685.4251          2.0853	0 0
   271     -46485.3258     -14685.8299          2.2213	0 0
   272     -46483.1500     -14686.3234          2.0024	0 0
   273     -46481.0643     -14686.7080          2.2474	0 0
   274     -46478.7608     -14687.1037          2.2720	0 0
   275     -46476.4725     -14687.5331          2.3742	0 0
   276     -46474.2052     -14687.9595          2.2959	0 0
   277     -46471.9548     -14688.4195          2.3285	0 0
   278     -46469.6834     -14688.8248          2.2174	0 0
   279     -46467.4564     -14689.2688          2.0832	0 0
   280     -46465.2168     -14689.6811          2.1527	0 0
   281     -46463.1405     -14690.0646          2.3481	0 0
   282     -46461.0330     -14690.5164          2.2928	0 0
   283     -46458.9298     -14690.9619          2.2277	0 0
   284     -46456.7978     -14691.4016          2.0951	0 0
   285     -46454.6998     -14691.7944          2.0029	0 0
   286     -46452.6930     -14692.2388          2.0166	0 0
   287     -46450.5249     -14692.6782          1.7257	0 0
   288     -46448.4488     -14693.0186          1.3475	0 0
   289     -46446.2392     -14693.1789          1.3488	0 0
   290     -46444.7746     -14692.1793          1.2659	0 0
   291     -46444.6663     -14692.8254          1.2184	0 0
   292     -46446.0473     -14691.2362          1.1284	0 0
   293     -46448.1772     -14690.8234          1.0174	0 0
   294     -46450.3967     -14690.4115          1.7264	0 0
   295     -46452.6285     -14689.9880          2.0573	0 0
   296     -46454.6796     -14689.5721          2.1828	0 0
   297     -46456.7319     -14689.1466          2.0066	0 0
   298     -46458.7211     -14688.7549          2.0251	0 0
   299     -46460.6940     -14688.3533          1.9801	0 0
   300     -46462.6923     -14687.8816          1.4752	0 0
   301     -46464.6587     -14687.3870          1.0987	0 0
   302     -46466.8250     -14686.9838          1.6604	0 0
   303     -46468.8247     -14686.6330          2.1756	0 0
   304     -46470.9469     -14686.2491          2.0265	0 0
   305     -46473.0758     -14685.9052          2.0827	0 0
   306     -46475.1983     -14685.5202          2.1146	0 0
   307     -46477.2607     -14685.1325          2.0694	0 0
   308     -46479.3590     -14684.7260          2.0669	0 0
   309     -46481.5638     -14684.3164          2.2484	0 0
   310     -46483.8590     -14683.9764          2.3463	0 0
   311     -46486.0571     -14683.4794          1.9794	0 0
   312     -46488.0439     -14683.0726          2.0951	0 0
   313     -46490.0615     -14682.7152          2.2657	0 0
   314     -46492.3333     -14682.2185          1.7752	0 0
   315     -46494.4834     -14681.7368          1.7221	0 0
   316     -46496.5043     -14681.2158          1.3213	0 0
   317     -46494.6162     -14682.2965         -1.3463	0 0
   318     -46493.3969     -14683.9827         -1.1070	0 0
   319     -46493.6976     -14681.7828          1.7838	0 0
   320     -46492.8470     -14679.8564          1.8023	0 0
   321     -46490.9139     -14679.0834          1.1493	0 0
   322     -46493.0136     -14679.3138         -1.0519	0 0
   323     -46495.0491     -14679.3356         -0.8051	0 0
   324     -46492.8885     -14679.7557          1.5056	0 0
   325     -46490.8257     -14680.1523          1.9005	0 0
   326     -46488.8502     -14680.6155          2.1785	0 0
   327     -46486.8029     -14681.0146          2.1666	0 0
   328     -46484.8148     -14681.4298          1.9115	0 0
   329     -46482.4838     -14681.8219          2.1896	0 0
   330     -46480.2721     -14682.2184          2.2267	0 0
   331     -46478.0114     -14682.6522          2.2568	0 0
   332     -46475.7467     -14683.1030          2.2393	0 0
   333     -46473.5154     -14683.5496          2.1926	0 0
   334     -46471.3984     -14684.0126          2.2642	0 0
   335     -46469.2043     -14684.3420          2.3458	0 0
   336     -46467.0649     -14684.7338          2.1449	0 0
   337     -46464.9843     -14685.1240          2.2176	0 0
   338     -46462.9213     -14685.5494          1.2083	0 0
   339     -46460.8416     -14685.9403          2.0186	0 0
   340     -46458.8063     -14686.3639          2.1318	0 0
   341     -46456.7388     -14686.7658          2.1870	0 0
   342     -46454.3770     -14687.2272          2.0783	0 0
   343     -46452.0682     -14687.6787          1.8666	0 0
   344     -46449.9022     -14688.1744          1.8174	0 0
   345     -46447.9114     -14688.5722          1.5181	0 0
   346     -46445.5280     -14689.0323          1.5129	0 0
   347     -46443.4337     -14689.1681          1.4944	0 0
   348     -46441.6492     -14688.2303          0.7814	0 0
   349     -46442.9014     -14689.8937         -1.2157	0 0
   350     -46443.3265     -14689.1064          1.6963	0 0
   351     -46444.5788     -14687.2565          1.3230	0 0
   352     -46446.6213     -14686.5918          0.7542	0 0
   353     -46448.6075     -14686.2029          1.0325	0 0
   354     -46450.5701     -14685.7764          1.6832	0 0
   355     -46452.8539     -14685.3069          2.0237	0 0
   356     -46454.8841     -14684.9120          2.0543	0 0
   357     -46456.9728     -14684.5137          2.1486	0 0
   358     -46459.0243     -14684.0829          2.1619	0 0
   359     -46461.1350     -14683.6918          2.1790	0 0
   360     -46463.2588     -14683.2681          2.0622	0 0
   361     -46465.6040     -14682.8595          1.9763	0 0
   362     -46467.6809     -14682.4265          2.0987	0 0
   363     -46469.7664     -14682.0038          2.0562	0 0
   364     -46471.9674     -14681.5681          1.6660	0 0
   365     -46474.1329     -14681.1972          1.6917	0 0
   366     -46476.2467     -14680.7897          1.9834	0 0
   367     -46478.3253     -14680.4118          2.0668	0 0
   368     -46480.4553     -14679.9490          2.3537	0 0
   369     -46482.6217     -14679.4759          2.3110	0 0
   370     -46484.7688     -14679.0872          2.2473	0 0
   371     -46486.8007     -14678.6276          2.0283	0 0
   372     -46488.8532     -14678.1688          1.8999	0 0
   373     -46490.8394     -14677.7332          2.1325	0 0
   374     -46493.1068     -14677.1719          1.9318	0 0
   375     -46495.1050     -14676.6500          1.5548	0 0
   376     -46497.0812     -14676.2799          0.7451	0 0
   377     -46494.9201     -14676.9728         -1.4115	0 0
   378     -46493.4749     -14678.6244         -1.2192	0 0
   379     -46493.2851     -14676.3138          1.8083	0 0
   380     -46491.9935     -14674.7754          1.7854	0 0
   381     -46494.0612     -14674.7280         -1.0174	0 0
   382     -46491.7992     -14675.2211          1.8132	0 0
   383     -46489.4201     -14675.7470          2.2302	0 0
   384     -46487.3125     -14676.2511          2.1312	0 0
   385     -46485.1220     -14676.6829          2.2928	0 0
   386     -46483.0564     -14677.0956          2.3987	0 0
   387     -46480.8415     -14677.5614          2.2702	0 0
   388     -46478.5559     -14678.0033          2.4166	0 0
   389     -46476.2234     -14678.5016          2.3853	0 0
   390     -46473.9986     -14679.0662          2.4103	0 0
   391     -46471.7028     -14679.4114          2.3213	0 0
   392     -46469.4068     -14679.8209          2.3130	0 0
   393     -46467.1356     -14680.2544          2.2855	0 0
   394     -46464.8163     -14680.6870          2.3438	0 0
   395     -46462.4669     -14681.1488          2.2678	0 0
   396     -46460.2230     -14681.4813          2.3127	0 0
   397     -46458.0846     -14681.9521          2.2404	0 0
   398     -46456.0286     -14682.3520          2.0025	0 0
   399     -46453.7692     -14682.7576          1.8553	0 0
   400     -46451.6442     -14682.7655          1.7166	0 0
   401     -46449.8131     -14681.9221          1.6635	0 0
   402     -46449.7415     -14684.0519         -1.0063	0 0
   403     -46450.3054     -14681.8801          1.4243	0 0
   404     -46452.2136     -14680.8678          0.9332	0 0
   405     -46454.3940     -14680.4877          1.0891	0 0
   406     -46456.6441     -14680.0327          1.8844	0 0
   407     -46458.6980     -14679.6651          2.1157	0 0
   408     -46460.7713     -14679.2696          2.0600	0 0
   409     -46462.8636     -14678.8883          2.0770	0 0
   410     -46464.9772     -14678.4842          2.2435	0 0
   411     -46467.1276     -14678.1008          2.2222	0 0
   412     -46469.2292     -14677.7353          2.0430	0 0
   413     -46471.3376     -14677.3890          2.1625	0 0
   414     -46473.3937     -14677.0279          2.0415	0 0
   415     -46475.4737     -14676.5632          2.1818	0 0
   416     -46477.4662     -14676.1364          2.0311	0 0
   417     -46479.6435     -14675.6653          2.1578	0 0
   418     -46481.8021     -14675.1425          2.2424	0 0
   419     -46483.9219     -14674.6059          2.1966	0 0
   420     -46485.9590     -14674.1581          1.9117	0 0
   421     -46487.9907     -14673.6953          2.1572	0 0
   422     -46490.0093     -14673.2741          1.9734	0 0
   423     -46492.2850     -14672.7465          1.8712	0 0
   424     -46494.4042     -14672.2179          1.6825	0 0
   425     -46496.3587     -14671.6287          0.4055	0 0
   426     -46494.4812     -14672.3391         -1.4125	0 0
   427     -46492.7591     -14673.7119         -1.4463	0 0
   428     -46492.3362     -14672.5166          1.7402	0 0
   429     -46491.1614     -14670.8666          1.5173	0 0
   430     -46493.3058     -14670.4478         -1.0646	0 0
   431     -46491.0390     -14670.9572          1.8631	0 0
   432     -46488.7404     -14671.5020          2.0508	0 0
   433     -46486.7612     -14671.8056          1.9794	0 0
   434     -46484.4793     -14672.1757          1.7966	0 0
   435     -46482.2664     -14672.5745          1.4722	0 0
   436     -46484.4095     -14672.8662         -1.2889	0 0
   437     -46486.3496     -14673.8152         -1.1135	0 0
   438     -46485.3499     -14671.9275          1.9118	0 0
   439     -46485.8188     -14669.9646          1.7640	0 0
   440     -46487.5499     -14668.5489          1.9615	0 0
   441     -46489.6160     -14667.8330          2.1274	0 0
   442     -46491.7018     -14667.3417          2.2224	0 0
   443     -46493.7082     -14666.8996          2.0414	0 0
   444     -46495.7993     -14666.3878          2.0624	0 0
   445     -46498.1598     -14665.8764          2.2863	0 0
   446     -46500.1010     -14665.3705          2.0685	0 0
   447     -46502.2147     -14664.8161          1.8876	0 0
   448     -46504.3366     -14664.2176          1.9529	0 0
   449     -46506.4813     -14663.4421          1.8697	0 0
   450     -46508.6710     -14662.7362          1.9323	0 0
   451     -46510.7670     -14662.1957          2.2605	0 0
   452     -46512.8451     -14661.5227          2.0557	0 0
   453     -46515.1191     -14660.8909          1.9494	0 0
   454     -46517.2587     -14660.7110          1.7017	0 0
   455     -46519.4197     -14661.2489          1.3533	0 0
   456     -46520.7658     -14662.7631          0.8489	0 0
   457     -46521.1443     -14664.8624          1.1150	0 0
   458     -46521.4381     -14666.8517          1.7370	0 0
   459     -46521.7442     -14669.0553          1.8954	0 0
   460     -46522.1247     -14671.2712          1.9342	0 0
   461     -46522.4843     -14673.2489          2.3165	0 0
   462     -46522.8355     -14675.4784          2.2338	0 0
   463     -46523.2066     -14677.6639          2.1682	0 0
   464     -46523.5905     -14679.7968          2.2052	0 0
   465     -46523.9985     -14681.9422          2.2085	0 0
   466     -46524.3839     -14684.0198          2.1261	0 0
   467     -46524.6834     -14686.2636          0.0109	0 0
   468     -46524.9994     -14688.4398          2.1598	0 0
   469     -46525.3002     -14690.6540          2.1915	0 0
   470     -46525.6621     -14692.8595          2.2121	0 0
   471     -46526.0116     -14694.9757          2.0753	0 0
   472     -46526.3598     -14697.1202          2.1864	0 0
   473     -46526.6391     -14699.1944          2.0976	0 0
   474     -46526.8867     -14701.2221          1.8594	0 0
   475     -46527.4355     -14703.2243          1.6454	0 0
   476     -46528.8579     -14704.6662          1.5006	0 0
   477     -46528.3976     -14705.3655         -0.9783	0 0
   478     -46529.5787     -14704.1764          1.2417	0 0
   479     -46529.5526     -14702.1560          0.6367	0 0
   480     -46529.1335     -14699.9653          1.5343	0 0
   481     -46528.8091     -14697.6851          2.1746	0 0
   482     -46528.5024     -14695.4913          2.2197	0 0
   483     -46528.1923     -14693.2505          2.2270	0 0
   484     -46527.8467     -14691.0721          2.2234	0 0
   485     -46527.4664     -14688.9220          2.1663	0 0
   486     -46527.1024     -14686.7133          2.1284	0 0
   487     -46526.7777     -14684.5487          2.1766	0 0
   488     -46526.3959     -14682.4408          2.1868	0 0
   489     -46526.0469     -14680.3271          2.0365	0 0
   490     -46525.6969     -14678.1552          2.1868	0 0
   491     -46525.3683     -14675.9834          2.1773	0 0
   492     -46525.0210     -14673.7749          2.3361	0 0
   493     -46524.6877     -14671.3757          2.5105	0 0
   494     -46524.2822     -14669.0019          2.1889	0 0
   495     -46523.8909     -14666.9384          1.9699	0 0
   496     -46523.5939     -14664.9417          1.9836	0 0
   497     -46523.3173     -14662.8958          1.4344	0 0
   498     -46523.6629     -14660.8566          1.1797	0 0
   499     -46522.0306     -14662.0454         -1.2829	0 0
   500     -46523.6878     -14661.7572          1.3053	0 0
   501     -46525.1567     -14662.6915          1.1539	0 0
   502     -46525.8243     -14664.6363          1.2444	0 0
   503     -46526.2069     -14666.7408          2.0695	0 0
   504     -46526.5698     -14668.8223          2.0363	0 0
   505     -46527.0014     -14671.0833          1.7947	0 0
   506     -46527.3048     -14673.0686          2.2108	0 0
   507     -46527.5851     -14675.3893          2.3094	0 0
   508     -46527.9868     -14677.7058          2.3442	0 0
   509     -46528.3724     -14679.9799          2.3252	0 0
   510     -46528.7010     -14682.2392          2.3615	0 0
   511     -46529.0774     -14684.5081          2.1769	0 0
   512     -46529.4495     -14686.7480          2.2835	0 0
   513     -46529.8199     -14689.0047          2.4083	0 0
   514     -46530.1524     -14691.2201          2.0990	0 0
   515     -46530.5068     -14693.4623          2.2054	0 0
   516     -46530.8615     -14695.5996          2.1088	0 0
   517     -46531.1766     -14697.7629          2.1506	0 0
   518     -46531.5320     -14699.8086          2.0339	0 0
   519     -46531.9204     -14701.9607          1.7034	0 0
   520     -46532.8764     -14703.8968          1.4378	0 0
   521     -46534.8496     -14704.7455          1.1280	0 0
   522     -46532.6402     -14704.8839         -1.1934	0 0
   523     -46533.7272     -14703.7067          1.2629	0 0
   524     -46534.1601     -14701.5909          0.8729	0 0
   525     -46533.8128     -14699.3332          1.6397	0 0
   526     -46533.4121     -14696.9473          2.2286	0 0
   527     -46533.0259     -14694.7239          2.2712	0 0
   528     -46532.6607     -14692.5341          2.2699	0 0
   529     -46532.3278     -14690.3916          2.1019	0 0
   530     -46531.9612     -14688.2180          2.1225	0 0
   531     -46531.5879     -14686.0478          2.2064	0 0
   532     -46531.1996     -14683.8391          2.2130	0 0
   533     -46530.8734     -14681.6812          2.1987	0 0
   534     -46530.5034     -14679.4863          2.3005	0 0
   535     -46530.1637     -14677.3890          2.1098	0 0
   536     -46529.8373     -14675.1888          2.3437	0 0
   537     -46529.5915     -14672.7528          2.5866	0 0
   538     -46529.2523     -14670.7367          2.5595	0 0
   539     -46528.8964     -14668.4582          2.0051	0 0
   540     -46528.6215     -14666.4503          1.9531	0 0
   541     -46528.3641     -14664.2455          1.6796	0 0
   542     -46528.9529     -14662.2471          1.1299	0 0
   543     -46527.0067     -14663.3191         -1.2550	0 0
   544     -46528.2426     -14663.4857          1.4256	0 0
   545     -46529.8384     -14664.8546          1.0726	0 0
   546     -46530.5911     -14666.8548          1.1817	0 0
   547     -46530.8496     -14669.2076          1.8583	0 0
   548     -46531.2809     -14671.3987          1.9052	0 0
   549     -46531.7576     -14673.5595          1.8361	0 0
   550     -46532.0120     -14675.6444          2.2986	0 0
   551     -46532.4220     -14678.0334          2.4524	0 0
   552     -46532.8542     -14680.2987          2.3334	0 0
   553     -46533.2849     -14682.5170          2.1562	0 0
   554     -46533.6681     -14684.7589          2.2710	0 0
   555     -46534.0023     -14687.0071          2.3716	0 0
   556     -46534.3824     -14689.2492          2.1894	0 0
   557     -46534.7268     -14691.4527          2.2160	0 0
   558     -46535.0945     -14693.6240          2.2086	0 0
   559     -46535.4928     -14695.8049          2.2437	0 0
   560     -46535.8738     -14697.8739          2.0233	0 0
   561     -46536.2512     -14699.9408          1.9502	0 0
   562     -46536.8051     -14702.0830          1.7647	0 0
   563     -46538.2869     -14703.6322          1.5602	0 0
   564     -46536.1163     -14703.6439         -1.1069	0 0
   565     -46537.7567     -14702.7942          1.6401	0 0
   566     -46538.6024     -14700.8528          0.8031	0 0
   567     -46538.3295     -14698.8316          1.4087	0 0
   568     -46537.9347     -14696.6851          2.0182	0 0
   569     -46537.4922     -14694.5171          2.1123	0 0
   570     -46537.1403     -14692.3010          2.2154	0 0
   571     -46536.7934     -14690.1163          2.1937	0 0
   572     -46536.3725     -14687.9624          2.2107	0 0
   573     -46535.9743     -14685.7952          2.2263	0 0
   574     -46535.5672     -14683.6224          2.0962	0 0
   575     -46535.1813     -14681.3949          2.3391	0 0
   576     -46534.8352     -14679.2326          2.2405	0 0
   577     -46534.5657     -14676.9643          2.3054	0 0
   578     -46534.3306     -14674.5970          2.3922	0 0
   579     -46533.7865     -14672.3356          2.1895	0 0
   580     -46533.3105     -14670.3826          1.9301	0 0
   581     -46533.1095     -14668.1344          1.7917	0 0
   582     -46533.6346     -14665.9668          1.2116	0 0
   583     -46535.2432     -14664.8592          0.9617	0 0
   584     -46533.1575     -14665.0448         -1.2519	0 0
   585     -46534.1609     -14665.8885          1.0426	0 0
   586     -46534.8542     -14667.8434          0.4422	0 0
   587     -46535.3737     -14670.0980          1.9089	0 0
   588     -46535.9579     -14672.4294          2.0455	0 0
   589     -46536.4923     -14674.4082          2.1177	0 0
   590     -46536.9390     -14676.3679          2.0903	0 0
   591     -46537.1951     -14678.4637          2.0402	0 0
   592     -46537.5326     -14680.6957          2.2777	0 0
   593     -46537.9402     -14682.8629          2.2352	0 0
   594     -46538.3147     -14685.0513          2.1725	0 0
   595     -46538.7062     -14687.2843          2.1972	0 0
   596     -46539.0436     -14689.5014          2.1406	0 0
   597     -46539.4230     -14691.7084          2.1712	0 0
   598     -46539.8330     -14693.8260          2.1163	0 0
   599     -46540.2437     -14695.9286          2.0250	0 0
   600     -46540.6862     -14698.0586          1.6649	0 0
   601     -46541.9184     -14699.9981          1.6797	0 0
   602     -46539.9918     -14699.3285         -1.1734	0 0
   603     -46541.5994     -14698.7446          1.5233	0 0
   604     -46542.5290     -14697.1726          0.6610	0 0
   605     -46542.4427     -14695.1016          1.4831	0 0
   606     -46542.1121     -14692.8275          2.1075	0 0
   607     -46541.7005     -14690.6949          2.1450	0 0
   608     -46541.2862     -14688.5476          2.1771	0 0
   609     -46540.8844     -14686.3671          2.1747	0 0
   610     -46540.5689     -14684.1577          2.2529	0 0
   611     -46540.1783     -14681.9262          2.3000	0 0
   612     -46539.7193     -14679.7109          2.1313	0 0
   613     -46539.2046     -14677.4691          2.3626	0 0
   614     -46538.7144     -14675.1585          2.3556	0 0
   615     -46538.3393     -14673.1050          1.9738	0 0
   616     -46538.0706     -14671.0894          2.0735	0 0
   617     -46538.4850     -14668.9608          1.7619	0 0
   618     -46536.9591     -14670.5078         -1.2659	0 0
   619     -46538.3052     -14670.4009          1.4246	0 0
   620     -46539.7965     -14671.5022          1.4010	0 0
   621     -46540.4749     -14673.4678          0.9217	0 0
   622     -46540.9311     -14675.7003          1.6642	0 0
   623     -46541.3411     -14677.6705          2.2024	0 0
   624     -46541.8027     -14679.8561          2.3292	0 0
   625     -46542.3001     -14681.9795          2.2237	0 0
   626     -46542.7955     -14684.1394          2.1655	0 0
   627     -46543.2644     -14686.3258          2.3537	0 0
   628     -46543.6849     -14688.4834          2.0982	0 0
   629     -46544.0439     -14690.6143          2.1558	0 0
   630     -46544.4562     -14692.6871          2.0443	0 0
   631     -46545.2883     -14694.6585          1.7322	0 0
   632     -46543.3716     -14693.9970         -1.0405	0 0
   633     -46544.0435     -14693.1821          1.5726	0 0
   634     -46545.4249     -14691.5354          1.5515	0 0
   635     -46545.8083     -14689.5674          1.5046	0 0
   636     -46545.5653     -14687.4965          1.9675	0 0
   637     -46545.0766     -14685.1444          2.1268	0 0
   638     -46544.5425     -14682.9987          2.2231	0 0
   639     -46543.9591     -14680.9106          2.1228	0 0
   640     -46543.2509     -14678.8309          2.2664	0 0
   641     -46542.2959     -14676.7827          2.3721	0 0
   642     -46541.1244     -14674.7211          2.4252	0 0
   643     -46539.7322     -14672.8010          2.2980	0 0
   644     -46538.1859     -14670.9528          2.6062	0 0
   645     -46536.4854     -14669.3111          2.3159	0 0
   646     -46534.7579     -14667.6884          2.2559	0 0
   647     -46532.8970     -14666.2578          1.9699	0 0
   648     -46531.0618     -14665.0799          1.8204	0 0
   649     -46529.1845     -14664.1552          2.1525	0 0
   650     -46526.9689     -14663.3379          2.5045	0 0
   651     -46524.6201     -14662.8096          2.3854	0 0
   652     -46522.2913     -14662.3890          2.3031	0 0
   653     -46519.9121     -14662.0056          2.6549	0 0
   654     -46517.4410     -14661.6349          2.5191	0 0
   655     -46515.4279     -14661.4543          2.2872	0 0
   656     -46513.1830     -14661.2542          2.1433	0 0
   657     -46511.1346     -14661.0665          2.0347	0 0
   658     -46508.9314     -14660.9987          2.3037	0 0
   659     -46506.6236     -14661.2998          2.3678	0 0
   660     -46504.3351     -14661.8692          2.2979	0 0
   661     -46502.1122     -14662.6711          2.2899	0 0
   662     -46499.8578     -14663.7008          2.3988	0 0
   663     -46497.6488     -14664.7867          2.5216	0 0
   664     -46495.4046     -14665.8289          2.4470	0 0
   665     -46493.2573     -14666.9372          2.3744	0 0
   666     -46491.5148     -14667.9706          2.5061	0 0
   667     -46489.4523     -14669.2386          2.3781	0 0
   668     -46487.4159     -14670.3976          2.3296	0 0
   669     -46485.3027     -14671.4530          2.3597	0 0
   670     -46483.2491     -14672.4532          2.2000	0 0
   671     -46481.1969     -14673.3986          2.2534	0 0
   672     -46479.0792     -14674.3111          2.2932	0 0
   673     -46476.9443     -14675.1596          2.2745	0 0
   674     -46474.7158     -14675.8068          2.2835	0 0
   675     -46472.5484     -14676.3127          2.2263	0 0
   676     -46470.2158     -14676.7140          2.2810	0 0
   677     -46467.8875     -14677.0384          2.2025	0 0
   678     -46465.7626     -14677.4758          2.2377	0 0
   679     -46463.5797     -14678.1699          2.2834	0 0
   680     -46461.4190     -14679.2503          2.4723	0 0
   681     -46459.5023     -14680.6292          2.3777	0 0
   682     -46457.9921     -14682.1472          2.2358	0 0
   683     -46456.7060     -14683.7257          2.0283	0 0
   684     -46455.5609     -14685.3874          0.0102	0 0
   685     -46454.5221     -14687.1687          2.1276	0 0
   686     -46453.6247     -14689.0091          2.0615	0 0
   687     -46452.7327     -14691.2285          2.0080	0 0
   688     -46452.0433     -14693.3420          1.5679	0 0
   689     -46451.6639     -14695.3344          1.6955	0 0
   690     -46451.6505     -14697.3837          1.2126	0 0
#	Start Positionn#     -46446.4334     -14695.9251          2.9619
