#     Num.     of     WP                    
     770                              
#     ID     WP_x[m]     WP_y[m]     Velocity[m/s]     CUT_Flag[1:down:2:up]     area_type     gain_id
#     真中のレーン                              
     1     -46446.4333     -14695.9133     0     0     0     0
     2     -46448.4934     -14695.5526     1.1286     1     0     0
     3     -46450.6787     -14694.9668     1.7212     0     0     0
     4     -46452.9662     -14694.3661     1.9571     0     0     0
     5     -46455.0298     -14693.9161     2.1624     0     0     0
     6     -46457.1281     -14693.464     2.1525     0     0     0
     7     -46459.1794     -14693.0253     2.1299     0     0     0
     8     -46461.18     -14692.5877     2.0527     0     0     0
     9     -46463.4749     -14692.121     1.9202     0     0     0
     10     -46465.5426     -14691.6812     1.5194     0     0     0
     11     -46467.775     -14691.1862     1.9312     0     0     0
     12     -46470.1017     -14690.7622     2.2161     0     0     0
     13     -46472.1945     -14690.4311     2.0872     0     0     0
     14     -46474.2757     -14690.1374     2.1202     0     0     0
     15     -46476.3154     -14689.8625     1.9678     0     0     0
     16     -46478.3613     -14689.5249     2.0498     0     0     0
     17     -46480.3785     -14689.1232     2.1087     0     0     0
     18     -46482.4435     -14688.7713     2.0176     0     0     0
     19     -46484.4442     -14688.451     2.0433     0     0     0
     20     -46486.4644     -14688.171     1.4629     0     0     0
     21     -46488.6421     -14687.7269     1.8754     0     0     0
     22     -46490.793     -14687.3544     1.6995     0     0     0
     23     -46492.7631     -14686.954     1.6191     0     0     0
     24     -46494.9439     -14686.6347     1     0     0     0
     25     -46497.0219     -14686.1924     0.7     2     0     0
                                   
#     １回目の切り返し（左奥）                              
     26     -46498.1826     -14685.9047     0.4     0     0     1
     27     -46496.0289     -14686.1788     -0.5     0     0     1
     28     -46493.9576     -14685.7311     -0.9976     0     0     1
     29     -46493.7806     -14685.6641     -0.5651     0     0     1
     30     -46495.6086     -14686.9753     0.5     0     0     1
     31     -46496.1347     -14689.1902     0.5     0     0     1
     32     -46495.1844     -14690.9749     0.4     0     0     1
     33     -46495.2875     -14690.8818     -0.507     0     0     1
     34     -46496.5056     -14689.0837     -0.8716     0     0     1
     35     -46497.7616     -14687.4908     -0.3294     0     0     1
     36     -46497.6738     -14687.5654     0.3045     0     0     1
     37     -46495.8157     -14688.4391     0.3037     0     0     1
     38     -46493.7173     -14688.8107     0.5     1     0     1
                                   
#     １本目のレーン（左）                              
     39     -46491.3857     -14689.1339     0.5     0     0     0
     40     -46489.199     -14689.4805     1.9053     0     0     0
     41     -46487.1898     -14689.9017     1.6956     0     0     0
     42     -46485.1741     -14690.2164     1.1247     0     0     0
     43     -46483.0189     -14690.8596     1.799     0     0     0
     44     -46480.6763     -14691.3792     2.2202     0     0     0
     45     -46478.5348     -14691.747     2.2069     0     0     0
     46     -46476.3916     -14692.11     2.1384     0     0     0
     47     -46474.2216     -14692.4791     2.1342     0     0     0
     48     -46472.043     -14692.8558     2.23     0     0     0
     49     -46469.885     -14693.2581     2.1346     0     0     0
     50     -46467.8768     -14693.6539     1.9269     0     0     0
     51     -46465.7115     -14694.1395     1.6344     0     0     0
     52     -46463.3331     -14694.6127     2.1595     0     0     0
     53     -46461.2193     -14694.9894     2.2518     0     0     0
     54     -46459.0697     -14695.4445     2.2813     0     0     0
     55     -46456.9344     -14695.9339     2.1664     0     0     0
     56     -46454.8375     -14696.3957     2.1216     0     0     0
     57     -46452.7549     -14696.9264     2.2654     0     0     0
     58     -46450.7428     -14697.3324     2.2189     0     0     0
     59     -46448.7727     -14697.8208     1.9836     0     0     0
     60     -46446.7063     -14698.3073     1     0     0     0
     61     -46444.4456     -14698.7746     0.7     2     0     0
                                   
#     ２回目の切り返し（左手前）                              
     62     -46442.517     -14699.6567     0.5     0     0     1
     63     -46441.2518     -14701.3317     0.5     0     0     1
     64     -46441.0854     -14701.9909     0.4     0     0     1
     65     -46441.291     -14699.8711     -0.4     0     0     1
     66     -46441.2037     -14698.3604     -0.73     0     0     1
     67     -46441.9315     -14700.335     0.4     0     0     1
     68     -46443.7121     -14701.2376     0.4     0     0     1
#     69     -46445.696     -14700.711     0.7531     0     0     1
#     70     -46445.9606     -14700.6167     0.3816     0     0     1
     71     -46445.2049     -14700.8163     0.2664     1     0     1
                                   
#     ２回本目のレーン（左）                              
     72     -46447.1709     -14700.4348     0.5     0     0     0
     73     -46449.4503     -14699.9771     1.8622     0     0     0
     74     -46451.6745     -14699.3815     1.9168     0     0     0
     75     -46453.6253     -14698.9274     1.9694     0     0     0
     76     -46455.6023     -14698.5354     2.0925     0     0     0
     77     -46457.6328     -14698.1407     2.093     0     0     0
     78     -46459.6576     -14697.7379     2.0664     0     0     0
     79     -46461.7123     -14697.3018     1.9778     0     0     0
     80     -46463.7587     -14696.8791     2.1479     0     0     0
     81     -46465.815     -14696.4154     2.1189     0     0     0
     82     -46467.8398     -14695.979     2.0428     0     0     0
     83     -46469.9312     -14695.5816     2.1151     0     0     0
     84     -46472.0409     -14695.1432     2.067     0     0     0
     85     -46474.1886     -14694.75     2.1837     0     0     0
     86     -46476.2621     -14694.3313     2.1558     0     0     0
     87     -46478.3225     -14693.9465     2.0447     0     0     0
     88     -46480.3929     -14693.5503     2.2359     0     0     0
     89     -46482.5518     -14693.1538     2.2671     0     0     0
     90     -46484.7881     -14692.675     2.3848     0     0     0
     91     -46486.8255     -14692.2379     2.0181     0     0     0
     92     -46488.8788     -14692.0499     1.6708     0     0     0
     93     -46490.8566     -14691.5355     1.9182     0     0     0
     94     -46493.0798     -14691.2528     1.9069     0     0     0
     95     -46495.2797     -14690.8496     1     0     0     0
     96     -46497.2857     -14690.4814     0.7     2     0     0
                                   
#####     ３回目の切り返し（左奥）     #####                         
     97     -46499.3391     -14690.2473     0.4     0     0     1
     98     -46499.3149     -14690.2496     -0.4     0     0     1
     99     -46497.1499     -14690.2662     -1.2321     0     0     1
     100     -46495.1676     -14689.6995     -1.1281     0     0     1
     101     -46494.3312     -14689.1093     -0.4     0     0     1
     102     -46495.4983     -14690.9139     0.4     0     0     1
     103     -46495.3601     -14693.0076     0.5     0     0     1
     104     -46493.9607     -14694.4631     0.2917     0     0     1
     105     -46494.1602     -14694.3384     -0.4     0     0     1
     106     -46495.9766     -14693.1041     -1.0108     0     0     1
     107     -46497.8466     -14692.0752     -0.857     0     0     1
     108     -46497.9812     -14692.0195     -0.4     0     0     1
     109     -46495.9115     -14692.6503     0.4     0     0     1
     110     -46493.8302     -14693.1691     0.5     1     0     1
                                   
#####     ３回本目のレーン（左）     #####                         
     111     -46491.8167     -14693.5919     0.5     0     0     0
     112     -46489.8126     -14693.916     1.7731     0     0     0
     113     -46487.4392     -14694.5301     2.396     0     0     0
     114     -46485.3698     -14694.8709     1.7325     0     0     0
     115     -46483.3744     -14695.3122     2.137     0     0     0
     116     -46481.1931     -14695.7266     2.3898     0     0     0
     117     -46478.9163     -14696.1706     2.3958     0     0     0
     118     -46476.6581     -14696.6217     2.3146     0     0     0
     119     -46474.4316     -14697.0626     2.2858     0     0     0
     120     -46472.2682     -14697.5085     2.1706     0     0     0
     121     -46470.0537     -14697.9531     2.1456     0     0     0
     122     -46467.828     -14698.4245     2.2639     0     0     0
     123     -46465.626     -14698.8654     2.1608     0     0     0
     124     -46463.39     -14699.2963     2.1535     0     0     0
     125     -46461.1943     -14699.7489     2.2217     0     0     0
     126     -46459.0232     -14700.2084     2.1805     0     0     0
     127     -46456.8502     -14700.6897     2.3569     0     0     0
     128     -46454.6752     -14701.2252     2.3838     0     0     0
     129     -46452.5428     -14701.7512     2.2685     0     0     0
     130     -46450.3257     -14702.1301     2.1988     0     0     0
     131     -46448.2377     -14702.6476     2.068     0     0     0
     132     -46446.2062     -14703.16     1.8629     0     0     0
     133     -46444.1098     -14703.6188     1     0     0     0
     134     -46442.0858     -14704.01     0.7     0     0     0
     135     -46440.0644     -14704.672     0.5     2     0     0
                                   
#####     ４回目の切り返し（左手前）     #####                         
     136     -46438.6258     -14706.1125     0.5     0     0     1
     137     -46438.3147     -14708.3263     0.5     0     0     1
     138     -46438.3691     -14708.5825     0.4     0     0     1
     139     -46437.5641     -14706.6426     -0.4     0     0     1
     140     -46436.772     -14705.5857     -0.4996     0     0     1
     141     -46438.4575     -14706.768     0.4     0     0     1
     142     -46440.5814     -14706.72     0.4     0     0     1
     143     -46442.7263     -14706.1424     0.5     1     0     1
                                   
#####     ４回本目のレーン（左）     #####                         
     144     -46445.0431     -14705.579     1.9526     0     0     0
     145     -46447.0393     -14705.099     2.0716     0     0     0
     146     -46449.1505     -14704.6468     2.1388     0     0     0
     147     -46451.8034     -14704.1048     2.2553     0     0     0
     148     -46453.9311     -14703.6373     2.1313     0     0     0
     149     -46456.0604     -14703.1986     2.153     0     0     0
     150     -46458.1709     -14702.7431     2.1436     0     0     0
     151     -46460.3558     -14702.2818     2.2603     0     0     0
     152     -46462.4982     -14701.8596     2.1193     0     0     0
     153     -46464.6716     -14701.4277     2.0605     0     0     0
     154     -46466.7963     -14700.9822     2.2436     0     0     0
     155     -46468.9326     -14700.5488     2.1832     0     0     0
     156     -46471.0714     -14700.126     2.1443     0     0     0
     157     -46473.2066     -14699.6682     2.2824     0     0     0
     158     -46475.3106     -14699.2524     2.1117     0     0     0
     159     -46477.3377     -14698.8171     2.0509     0     0     0
     160     -46479.4251     -14698.3965     2.1443     0     0     0
     161     -46481.4748     -14697.9737     2.1016     0     0     0
     162     -46483.627     -14697.5394     2.406     0     0     0
     163     -46485.8576     -14697.0417     2.2767     0     0     0
     164     -46488.1266     -14696.5333     2.2466     0     0     0
     165     -46490.1561     -14696.1788     1.6445     0     0     0
     166     -46492.1598     -14695.726     1.7668     0     0     0
     167     -46494.4714     -14695.3568     1.8997     0     0     0
     168     -46496.7393     -14694.9112     1     0     0     0
     169     -46498.7902     -14694.5106     0.7     2     0     0
                                   
#####     ５回目の切り返し（左奥）     #####                         
     170     -46500.8695     -14694.2798     0.4     0     0     1
     171     -46500.8323     -14694.2842     -0.4     0     0     1
     172     -46498.725     -14694.2298     -1.3593     0     0     1
     173     -46496.8303     -14693.3391     -1.0448     0     0     1
     174     -46496.5962     -14693.1384     -0.4     0     0     1
     175     -46497.9728     -14694.9221     0.4     0     0     1
     176     -46498.1419     -14697.2344     0.5     0     0     1
     177     -46496.7385     -14698.7398     0.4     0     0     1
     178     -46496.7962     -14698.7111     -0.4     0     0     1
     179     -46498.5984     -14697.5334     -0.9797     0     0     1
     180     -46500.4854     -14696.7767     -0.3032     0     0     1
     181     -46500.2703     -14696.8366     0.4     0     0     1
     182     -46498.1666     -14697.0933     0.5     0     0     1
     183     -46495.98     -14697.3109     0.5     0     0     1
     184     -46493.7939     -14697.9244     0.6     0     0     1
     185     -46491.7303     -14698.3169     0.7     1     0     1
                                   
#####     ５回本目のレーン（左）     #####                         
     186     -46489.6652     -14698.7174     2.2074     0     0     0
     187     -46487.5656     -14699.2118     2.2845     0     0     0
     188     -46485.3961     -14699.6296     2.1911     0     0     0
     189     -46483.0778     -14700.0627     2.3548     0     0     0
     190     -46480.7461     -14700.5131     2.292     0     0     0
     191     -46478.5451     -14700.97     2.2169     0     0     0
     192     -46476.2696     -14701.4312     2.4156     0     0     0
     193     -46474.0622     -14701.8985     2.1874     0     0     0
     194     -46471.8481     -14702.3508     2.2176     0     0     0
     195     -46469.6258     -14702.7678     2.3895     0     0     0
     196     -46467.3716     -14703.2159     2.3643     0     0     0
     197     -46465.1356     -14703.661     2.3045     0     0     0
     198     -46462.9494     -14704.1217     2.1396     0     0     0
     199     -46460.7453     -14704.6352     2.2578     0     0     0
     200     -46458.6167     -14705.0942     2.2155     0     0     0
     201     -46456.4369     -14705.5341     2.1563     0     0     0
     202     -46454.3135     -14705.972     2.1353     0     0     0
     203     -46452.2403     -14706.4036     2.0551     0     0     0
     204     -46450.1574     -14706.8571     2.1398     0     0     0
     205     -46447.9767     -14707.3401     2.3148     0     0     0
     206     -46445.8558     -14707.8169     2.1941     0     0     0
     207     -46443.8446     -14708.3357     1     0     0     0
     208     -46441.7703     -14708.8592     0.7     0     0     0
     209     -46439.7708     -14709.4454     0.5     2     0     0
                                   
#####     ６回目の切り返し（左手前）     #####                         
     210     -46437.8981     -14710.377     0.5     0     0     1
     211     -46436.6141     -14711.9645     0.5     0     0     1
     212     -46436.5502     -14714.1833     0.5     0     0     1
     213     -46436.628     -14714.4318     0.4     0     0     1
     214     -46435.6699     -14712.4223     -0.4     0     0     1
     215     -46434.5053     -14711.1041     -0.4889     0     0     1
     216     -46436.2536     -14712.1263     0.4     0     0     1
     217     -46438.2894     -14711.9438     0.4     0     0     1
     218     -46440.2948     -14711.3148     0.5     1     0     1
                                   
#####     ６回本目のレーン（左）     #####                         
     219     -46442.3898     -14710.8813     0.7     0     0     0
     220     -46444.6654     -14710.4208     1.9874     0     0     0
     221     -46446.715     -14709.9649     2.0852     0     0     0
     222     -46448.8205     -14709.5329     2.0582     0     0     0
     223     -46450.9708     -14709.0767     2.2323     0     0     0
     224     -46453.0715     -14708.6103     2.195     0     0     0
     225     -46455.197     -14708.1635     2.115     0     0     0
     226     -46457.3474     -14707.7411     2.1618     0     0     0
     227     -46459.4661     -14707.3271     2.221     0     0     0
     228     -46461.5397     -14706.8536     2.0653     0     0     0
     229     -46463.6242     -14706.4562     2.2187     0     0     0
     230     -46465.6897     -14706.0471     2.1165     0     0     0
     231     -46467.6794     -14705.6543     2.019     2     0     0
                                   
#####     ７回目の切り返し（一番左の中央）     #####                         
     232     -46469.7351     -14705.294     1     0     0     1
     233     -46471.7452     -14705.0355     0.5     0     0     1
     234     -46473.7932     -14705.1303     0.5     0     0     1
     235     -46475.6591     -14706.0151     0.4     0     0     1
     236     -46475.6528     -14705.9961     -0.4     0     0     1
     237     -46474.1713     -14704.3967     -1.3532     0     0     1
     238     -46473.2946     -14702.5537     -0.755     0     0     1
     239     -46473.3113     -14702.6377     0.4     0     0     1
     240     -46473.5789     -14704.8976     0.4     0     0     1
     241     -46472.5243     -14706.6372     0.5     0     0     1
     242     -46470.3841     -14707.482     0.5     0     0     1
     243     -46468.1527     -14707.6935     0.6     1     0     1
                                   
#####     ７回本目のレーン（左）     #####                         
     244     -46466.0896     -14708.0692     1.5805     0     0     0
     245     -46463.9965     -14708.5569     1.1432     0     0     0
     246     -46461.8188     -14709.0884     1.2941     0     0     0
     247     -46459.5547     -14709.5898     1.8239     0     0     0
     248     -46457.3571     -14710.0305     1.9838     0     0     0
     249     -46455.3799     -14710.4864     2.1074     0     0     0
     250     -46453.3379     -14710.9297     2.1135     0     0     0
     251     -46451.2994     -14711.3143     2.044     0     0     0
     252     -46449.2813     -14711.7383     2.1101     0     0     0
     253     -46447.2188     -14712.197     2.097     0     0     0
     254     -46445.1551     -14712.6013     2.1696     0     0     0
     255     -46443.1805     -14713.047     2.0297     0     0     0
     256     -46440.8778     -14713.6065     1     0     0     0
     257     -46438.7303     -14714.1126     0.7     2     0     0
                                   
#####     ８回目の切り返し（左手前）     #####                         
     258     -46436.8174     -14714.9488     0.5     0     0     1
     259     -46435.5377     -14716.5418     0.5     0     0     1
     260     -46435.4055     -14718.6474     0.5     0     0     1
     261     -46435.5325     -14719.0883     0.4     0     0     1
     262     -46434.6517     -14717.0673     -0.4     0     0     1
     263     -46433.594     -14715.348     -0.5     0     0     1
     264     -46433.6068     -14715.3427     0.4     0     0     1
     265     -46435.3191     -14716.6795     0.4     0     0     1
     266     -46437.3456     -14716.6886     0.5     0     0     1
     267     -46439.3161     -14716.2064     0.5     0     0     1
     268     -46441.6023     -14715.7416     0.7     1     0     1
                                   
#####     ８回本目のレーン（一番左）     #####                         
     269     -46443.6784     -14715.2983     2.182     0     0     0
     270     -46445.7549     -14714.8131     2.1355     0     0     0
     271     -46447.7983     -14714.3732     2.0885     0     0     0
     272     -46449.8243     -14714.0208     2.0165     0     0     0
     273     -46451.7874     -14713.6363     1.9846     2     0     0
                                   
#####     右側へ移動     #####                         
     274     -46454.0389     -14713.2215     2.01     0     0     0
     275     -46456.0291     -14712.55     2.1359     0     0     0
     276     -46457.9783     -14711.4553     2.1866     0     0     0
     277     -46459.8392     -14710.0845     2.2368     0     0     0
     278     -46461.6669     -14708.7299     2.4079     0     0     0
     279     -46463.696     -14707.6156     2.3133     0     0     0
     280     -46465.7905     -14706.6541     2.3138     0     0     0
     281     -46467.93     -14705.7758     2.3714     0     0     0
     282     -46470.0577     -14705.0018     2.1572     0     0     0
     283     -46472.2247     -14704.2062     2.4051     0     0     0
     284     -46474.3147     -14703.4214     2.0728     0     0     0
     285     -46476.3844     -14702.6262     2.2848     0     0     0
     286     -46478.3876     -14701.8149     2.1624     0     0     0
     287     -46480.4475     -14700.9041     2.2498     0     0     0
     288     -46482.4672     -14700.0445     2.2369     0     0     0
     289     -46484.6065     -14699.1456     2.4435     0     0     0
     290     -46486.794     -14698.1554     2.4569     0     0     0
     291     -46488.8981     -14696.9632     2.3847     0     0     0
     292     -46490.631     -14695.7475     1.7258     0     0     0
     293     -46492.3187     -14694.1839     2.0434     0     0     0
     294     -46493.562     -14692.3574     2.1878     0     0     0
                                   
#####     １回目の切り返し（右）     #####                         
     295     -46494.4328     -14690.2535     1     0     0     1
     296     -46494.4471     -14688.2248     0.7     0     0     1
     297     -46493.6738     -14686.104     0.5     0     0     1
     298     -46491.9784     -14684.6806     0.5     0     0     1
     299     -46490.5447     -14684.4588     0.4     0     0     1
     300     -46492.7476     -14684.2798     -0.4     0     0     1
     301     -46494.7993     -14683.9738     -0.5     0     0     1
     302     -46496.1654     -14683.7422     -0.2758     0     0     1
     303     -46494.1203     -14684.0812     0.4     0     0     1
     304     -46492.0209     -14684.494     0.5     0     0     1
     305     -46489.9639     -14684.8562     0.5     1     0     1
                                   
#####     １回本目のレーン（右）     #####                         
     306     -46487.8575     -14685.3448     2.329     0     0     0
     307     -46485.7612     -14685.7418     2.2136     0     0     0
     308     -46483.544     -14686.2515     1.9243     0     0     0
     309     -46481.5058     -14686.6236     2.1695     0     0     0
     310     -46479.2065     -14687.0151     2.378     0     0     0
     311     -46476.9378     -14687.4385     2.3579     0     0     0
     312     -46474.6585     -14687.8865     2.2491     0     0     0
     313     -46472.4112     -14688.3271     2.176     0     0     0
     314     -46470.1204     -14688.7496     2.3229     0     0     0
     315     -46467.8664     -14689.1944     2.3849     0     0     0
     316     -46465.6322     -14689.5678     2.4637     0     0     0
     317     -46463.6023     -14689.9792     2.1674     0     0     0
     318     -46461.4843     -14690.4348     2.1009     0     0     0
     319     -46459.3663     -14690.8726     2.1567     0     0     0
     320     -46457.2033     -14691.296     2.2809     0     0     0
     321     -46455.0907     -14691.7071     2.1958     0     0     0
     322     -46453.0901     -14692.1685     1     0     0     0
     323     -46450.8644     -14692.6158     0.7     0     0     0
     324     -46448.7171     -14692.9937     0.5     2     0     0
                                   
#####     ２回目の切り返し（右手前）     #####                         
     325     -46446.5085     -14693.1947     0.5     0     0     1
     326     -46444.7746     -14692.1793     0.5     0     0     1
     327     -46444.4544     -14691.216     0.4     0     0     1
     328     -46444.4986     -14693.3467     -0.4     0     0     1
     329     -46444.5182     -14693.9351     -0.6131     0     0     1
     330     -46445.1501     -14691.952     0.4     0     0     1
     331     -46446.9601     -14690.9933     0.2782     0     0     1
     332     -46449.1326     -14690.652     0.5     0     0     1
     333     -46451.1084     -14690.275     0.5     1     0     1
                                   
#####     ２回本目のレーン（右）     #####                         
     334     -46453.4111     -14689.8316     2.0442     0     0     0
     335     -46455.5087     -14689.4004     2.1048     0     0     0
     336     -46457.5275     -14688.9811     1.9532     0     0     0
     337     -46459.5347     -14688.5883     2.0572     0     0     0
     338     -46461.782     -14688.1039     1.8928     0     0     0
     339     -46463.908     -14687.397     1.5868     0     0     0
     340     -46465.9634     -14687.1434     1.1168     0     0     0
     341     -46467.9767     -14686.7788     2.0168     0     0     0
     342     -46470.1318     -14686.4548     2.2625     0     0     0
     343     -46472.2458     -14686.0291     2.1839     0     0     0
     344     -46474.3821     -14685.666     2.2224     0     0     0
     345     -46476.4254     -14685.2817     2.0595     0     0     0
     346     -46478.5152     -14684.9013     2.2047     0     0     0
     347     -46480.6673     -14684.4609     2.2189     0     0     0
     348     -46482.9338     -14684.1076     2.1602     0     0     0
     349     -46485.272     -14683.7024     2     0     0     0
     350     -46487.2206     -14683.2333     2.0555     0     0     0
     351     -46489.2302     -14682.8133     1.9614     0     0     0
     352     -46491.561     -14682.3735     1.9323     0     0     0
     353     -46493.794     -14681.8873     1     0     0     0
     354     -46495.9965     -14681.3759     0.7     2     0     0
                                   
#####     ３回目の切り返し（右奥）     #####                         
     355     -46497.2065     -14681.0952     0.4     0     0     1
     356     -46495.2712     -14681.8044     -0.4     0     0     1
     357     -46493.7292     -14683.3438     -1.3771     0     0     1
     358     -46493.3263     -14684.1546     -0.5     0     0     1
     359     -46493.6897     -14682.1394     0.4     0     0     1
     360     -46493.1165     -14680.0958     0.5     0     0     1
     361     -46491.1435     -14679.0944     0.5     0     0     1
     362     -46490.9437     -14679.0866     0.4     0     0     1
     363     -46493.0136     -14679.3138     -0.4     0     0     1
     364     -46495.0491     -14679.3356     -0.8051     0     0     1
     365     -46495.3167     -14679.335     0.4     0     0     1
     366     -46493.1819     -14679.688     0.5     0     0     1
     367     -46491.1988     -14680.0798     0.5     0     0     1
     368     -46488.8502     -14680.6155     0.5     1     0     1
                                   
#####     ３回本目のレーン（右）     #####                         
     369     -46486.8029     -14681.0146     2.1666     0     0     0
     370     -46484.8148     -14681.4298     1.9115     0     0     0
     371     -46482.4838     -14681.8219     2.1896     0     0     0
     372     -46480.2721     -14682.2184     2.2267     0     0     0
     373     -46478.0114     -14682.6522     2.2568     0     0     0
     374     -46475.7467     -14683.103     2.2393     0     0     0
     375     -46473.5154     -14683.5496     2.1926     0     0     0
     376     -46471.3984     -14684.0126     2.2642     0     0     0
     377     -46469.2043     -14684.342     2.3458     0     0     0
     378     -46467.0649     -14684.7338     2.1449     0     0     0
     379     -46464.9843     -14685.1241     2.2176     0     0     0
     380     -46462.9213     -14685.5494     1.2083     0     0     0
     381     -46460.8416     -14685.9403     2.0186     0     0     0
     382     -46458.8063     -14686.3639     2.1318     0     0     0
     383     -46456.7388     -14686.7658     2.187     0     0     0
     384     -46454.377     -14687.2272     2.0783     0     0     0
     385     -46452.0682     -14687.6787     1.8666     0     0     0
     386     -46449.9022     -14688.1744     1.8174     0     0     0
     387     -46447.9114     -14688.5722     0.7     2     0     0
                                   
#####     ４回目の切り返し（右手前）     #####                         
     388     -46445.528     -14689.0323     0.5     0     0     1
     389     -46443.4337     -14689.1681     0.5     0     0     1
     390     -46441.6492     -14688.2303     0.4     0     0     1
     391     -46441.7724     -14688.4087     -0.4     0     0     1
     392     -46443.0316     -14690.1133     -1.2769     0     0     1
     393     -46443.6649     -14691.3657     -0.5     0     0     1
     394     -46443.3265     -14689.1064     0.4     0     0     1
     395     -46444.58     -14687.2584     0.5     0     0     1
     396     -46446.6213     -14686.5918     0.5     0     0     1
     397     -46448.6075     -14686.2029     0.5     0     0     1
     398     -46450.5701     -14685.7764     0.7     1     0     1
                                   
#####     ４回本目のレーン（右）     #####                         
     399     -46452.854     -14685.3069     2.0236     0     0     0
     400     -46454.8841     -14684.912     2.0543     0     0     0
     401     -46456.9728     -14684.5137     2.1486     0     0     0
     402     -46459.0243     -14684.0829     2.1619     0     0     0
     403     -46461.135     -14683.6918     2.179     0     0     0
     404     -46463.2589     -14683.2686     2.062     0     0     0
     405     -46465.604     -14682.8595     1.9763     0     0     0
     406     -46467.6809     -14682.4265     2.0987     0     0     0
     407     -46469.7664     -14682.0038     2.0562     0     0     0
     408     -46471.9674     -14681.5681     1.666     0     0     0
     409     -46474.1329     -14681.1972     1.6917     0     0     0
     410     -46476.2467     -14680.7897     1.9834     0     0     0
     411     -46478.3253     -14680.4118     2.0668     0     0     0
     412     -46480.4553     -14679.949     2.3537     0     0     0
     413     -46482.6217     -14679.4759     2.311     0     0     0
     414     -46484.7688     -14679.0872     2.2473     0     0     0
     415     -46486.8007     -14678.6276     2.0283     0     0     0
     416     -46488.8532     -14678.1688     1.8999     0     0     0
     417     -46490.8394     -14677.7332     2.1325     0     0     0
     418     -46493.1068     -14677.1719     1.9318     0     0     0
     419     -46495.105     -14676.65     0.7     2     0     0
                                   
#####     ５回目の切り返し（右奥）     #####                         
     420     -46497.0812     -14676.2799     0.5     0     0     1
     421     -46496.8231     -14676.3116     -0.4     0     0     1
     422     -46494.9201     -14676.9728     -1.4115     0     0     1
     423     -46493.4749     -14678.6244     -1.2192     0     0     1
     424     -46493.1733     -14679.3776     -0.4     0     0     1
     425     -46493.4784     -14677.3696     0.4     0     0     1
     426     -46492.8157     -14675.4526     0.5     0     0     1
     427     -46491.0863     -14674.4043     0.5     0     0     1
     428     -46490.6374     -14674.3746     0.4     0     0     1
     429     -46492.6244     -14674.6729     -0.4     0     0     1
     430     -46494.671     -14674.6512     -0.9561     0     0     1
     431     -46495.0935     -14674.5884     -0.2936     0     0     1
     432     -46493.1182     -14674.9613     0.4     0     0     1
     433     -46491.0383     -14675.386     0.5     0     0     1
     434     -46489.0067     -14675.8344     0.5     1     0     1
                                   
#####     ５回本目のレーン（右）     #####                         
     435     -46486.8954     -14676.3358     2.1279     0     0     0
     436     -46484.7344     -14676.782     2.0001     0     0     0
     437     -46482.6392     -14677.1793     2.1273     0     0     0
     438     -46480.3827     -14677.6484     2.3346     0     0     0
     439     -46478.0888     -14678.1052     2.3909     0     0     0
     440     -46475.7904     -14678.6217     2.2467     0     0     0
     441     -46473.4945     -14679.1478     2.5535     0     0     0
     442     -46471.2703     -14679.5096     2.2174     0     0     0
     443     -46468.9286     -14679.9118     2.434     0     0     0
     444     -46466.6757     -14680.3421     2.341     0     0     0
     445     -46464.3256     -14680.7958     2.5131     0     0     0
     446     -46462.0198     -14681.2435     2.2854     0     0     0
     447     -46459.7739     -14681.5582     2.2782     0     0     0
     448     -46457.6728     -14682.0385     2.1039     0     0     0
     449     -46455.6408     -14682.4333     0.7     0     0     0
     450     -46453.418     -14682.8025     0.5     2     0     0
                                   
#####     ６回目の切り返し（右手前）     #####                         
     451     -46451.3034     -14682.7041     0.5     0     0     1
     452     -46449.5831     -14681.6724     0.5     0     0     1
     453     -46449.0156     -14680.691     0.4     0     0     1
     454     -46449.537     -14682.6716     -0.4     0     0     1
     455     -46449.7646     -14684.1411     -0.6038     0     0     1
     456     -46450.1375     -14682.1103     0.4     0     0     1
     457     -46451.8511     -14680.9693     0.5     0     0     1
     458     -46453.8213     -14680.5918     0.5     0     0     1
     459     -46455.8948     -14680.1766     0.5     1     0     1
                                   
#####     ６回本目のレーン（右）     #####                         
     460     -46457.8706     -14679.7624     2.0755     0     0     0
     461     -46459.9576     -14679.4397     2.0468     0     0     0
     462     -46462.0413     -14679.0275     2.2146     0     0     0
     463     -46464.1187     -14678.657     2.0007     0     0     0
     464     -46466.2632     -14678.2584     2.1404     0     0     0
     465     -46468.4022     -14677.8833     2.1328     0     0     0
     466     -46470.4835     -14677.5091     2.066     0     0     0
     467     -46472.5934     -14677.1276     2.079     0     0     0
     468     -46474.6189     -14676.6908     1.9367     0     0     0
     469     -46476.7045     -14676.3019     2.0313     0     0     0
     470     -46478.7691     -14675.8537     2.0542     0     0     0
     471     -46480.9333     -14675.3753     2.1683     0     0     0
     472     -46483.0762     -14674.8088     2.2307     0     0     0
     473     -46485.2252     -14674.396     2.1665     0     0     0
     474     -46487.5717     -14673.7985     2.1161     0     0     0
     475     -46489.6305     -14673.3849     1.9567     0     0     0
     476     -46491.9215     -14672.8353     1.8306     2     0     0
                                   
#####     ７回目の切り返し（右奥）     #####                         
     477     -46494.0793     -14672.3055     0.7     0     0     1
     478     -46496.038     -14671.7266     0.5     0     0     1
     479     -46496.1446     -14671.6898     0.4     0     0     1
     480     -46494.2436     -14672.4691     -0.4     0     0     1
     481     -46492.6168     -14673.9286     -1.2964     0     0     1
     482     -46492.0504     -14675.0947     -0.3938     0     0     1
     483     -46492.3897     -14672.8605     0.4     0     0     1
     484     -46491.4242     -14671.0183     0.5     0     0     1
     485     -46489.4923     -14670.4757     0.5     0     0     1
     486     -46489.6311     -14670.4626     -0.4     0     0     1
     487     -46491.6413     -14670.5517     -1.0344     0     0     1
     488     -46493.713     -14670.4016     -0.9868     0     0     1
     489     -46494.7115     -14670.2509     -0.2094     0     0     1
     490     -46492.4326     -14670.6531     0.4     0     0     1
     491     -46490.3112     -14671.2015     0.5     1     0     1
                                   
#####     ７回本目のレーン（一番右）     #####                         
     492     -46487.9551     -14671.6585     1     0     0     0
     493     -46485.591     -14672.0043     2.0579     0     0     0
     494     -46483.4699     -14672.3565     1.6494     2     0     0
                                   
#####     ８回目の切り返し（一番右の中央）移動のため     #####                         
     495     -46481.4962     -14672.6812     0.5     0     0     1
     496     -46481.5218     -14672.6777     -0.4     0     0     1
     497     -46483.6241     -14672.699     -1.3261     0     0     1
     498     -46485.532     -14673.358     -1.2668     0     0     1
     499     -46486.6257     -14674.0675     -0.4     0     0     1
     500     -46485.4164     -14672.304     0.4     0     0     1
     501     -46485.6384     -14670.2678     0.5     0     0     1
     502     -46487.1992     -14668.7248     0.6     0     0     1
     503     -46489.1999     -14667.9215     0.6     0     0     1
     504     -46491.2731     -14667.4593     0.7     0     0     1
                                   
#####     高台へ移動     #####                         
     505     -46493.3063     -14666.9714     1.9466     0     0     0
     506     -46495.4048     -14666.5082     2.1967     0     0     0
     507     -46497.3804     -14666.0772     2.1357     0     0     0
     508     -46499.3154     -14665.5705     2.0505     0     0     0
     509     -46501.4904     -14665.0019     1.6693     0     0     0
     510     -46503.6072     -14664.4216     1.7857     0     0     0
     511     -46505.772     -14663.7073     1.882     0     0     0
     512     -46507.913     -14662.9574     1.8373     0     0     0
     513     -46509.8943     -14662.412     2.1784     0     0     0
     514     -46512.046     -14661.8015     2.2186     0     0     0
     515     -46513.9888     -14661.1554     1.95     0     0     0
     516     -46516.2227     -14660.739     1     0     0     0
     517     -46518.2981     -14660.829     1     0     0     0
     518     -46520.1693     -14661.8209     0.5     0     0     0
     519     -46521.0191     -14663.7298     0.5     1     0     0
                                   
#####     １回本目のレーン（高台）     #####                         
     520     -46521.311     -14665.8838     1.3835     0     0     0
     521     -46521.5726     -14667.952     1.9589     0     0     0
     522     -46521.9629     -14670.126     1.8042     0     0     0
     523     -46522.3425     -14672.3951     1.9294     0     0     0
     524     -46522.7064     -14674.6179     2.3253     0     0     0
     525     -46523.0376     -14676.808     2.0818     0     0     0
     526     -46523.4361     -14678.9444     2.1232     0     0     0
     527     -46523.841     -14681.0902     2.1982     0     0     0
     528     -46524.2423     -14683.1576     2.1087     0     0     0
     529     -46524.5709     -14685.3753     2.2954     0     0     0
     530     -46524.8846     -14687.5705     2.2067     0     0     0
     531     -46525.2014     -14689.7588     2.2362     0     0     0
     532     -46525.5058     -14691.9862     2.1911     0     0     0
     533     -46525.8808     -14694.1257     2.0966     0     0     0
     534     -46526.2209     -14696.2686     2.2391     0     0     0
     535     -46526.5424     -14698.3709     2.1356     0     0     0
     536     -46526.7804     -14700.4455     2.0857     0     0     0
     537     -46527.2059     -14702.6111     0.7     2     0     0
                                   
#####     １回目の切り返し（高台）     #####                         
     538     -46528.3705     -14704.3414     0.5     0     0     1
     539     -46530.3559     -14705.0103     0.5     0     0     1
     540     -46530.5116     -14705.0316     0.4     0     0     1
     541     -46528.3976     -14705.3655     -0.4     0     0     1
     542     -46527.9103     -14705.5413     -0.6163     0     0     1
     543     -46529.5787     -14704.1764     0.4     0     0     1
     544     -46529.5525     -14702.156     0.5     0     0     1
     545     -46529.1334     -14699.9653     0.5     0     0     1
                                   
#####     ２回本目のレーン（高台）     #####                         
     546     -46528.8091     -14697.6851     2.1746     0     0     0
     547     -46528.5023     -14695.4913     2.2197     0     0     0
     548     -46528.1923     -14693.2505     2.227     0     0     0
     549     -46527.8467     -14691.0721     2.2234     0     0     0
     550     -46527.4664     -14688.922     2.1663     0     0     0
     551     -46527.1024     -14686.7133     2.1284     0     0     0
     552     -46526.7777     -14684.5487     2.1766     0     0     0
     553     -46526.3959     -14682.4408     2.1868     0     0     0
     554     -46526.0469     -14680.3271     2.0365     0     0     0
     555     -46525.6969     -14678.1552     2.1868     0     0     0
     556     -46525.3683     -14675.9834     2.1773     0     0     0
     557     -46525.021     -14673.7749     2.3361     0     0     0
     558     -46524.6877     -14671.3757     2.5105     0     0     0
     559     -46524.2822     -14669.0019     2.1889     0     0     0
     560     -46523.8909     -14666.9384     1.9699     0     0     0
     561     -46523.5939     -14664.9417     1.9836     2     0     0
                                   
#####     ２回目の切り返し（高台:右）     #####                         
     562     -46523.3173     -14662.8958     0.7     0     0     1
     563     -46523.6629     -14660.8566     0.5     0     0     1
     564     -46523.9924     -14660.4022     0.4     0     0     1
     565     -46522.4446     -14661.7691     -0.4     0     0     1
     566     -46521.7256     -14662.2306     -0.7739     0     0     1
     567     -46523.6886     -14661.7525     0.4     0     0     1
     568     -46525.1566     -14662.6915     0.5     0     0     1
     569     -46525.6982     -14664.1044     0.5     1     0     1
#     570     -46525.4614     -14663.2398     0.2359     0     0     1
                                   
#####     ３回本目のレーン（高台）     #####                         
     571     -46525.942     -14665.2437     1.6481     0     0     0
     572     -46526.3424     -14667.5685     2.0744     0     0     0
     573     -46526.7086     -14669.6202     1.9689     0     0     0
     574     -46527.1369     -14671.8366     1.9     0     0     0
     575     -46527.3979     -14673.9683     2.3016     0     0     0
     576     -46527.7421     -14676.3265     2.3422     0     0     0
     577     -46528.1448     -14678.6069     2.3539     0     0     0
     578     -46528.5015     -14680.8934     2.2387     0     0     0
     579     -46528.86     -14683.1494     2.3827     0     0     0
     580     -46529.2188     -14685.4169     2.2452     0     0     0
     581     -46529.5918     -14687.6327     2.3485     0     0     0
     582     -46529.9628     -14689.9097     2.2885     0     0     0
     583     -46530.2912     -14692.1189     2.3021     0     0     0
     584     -46530.6392     -14694.3244     2.1316     0     0     0
     585     -46530.9951     -14696.4527     2.1744     0     0     0
     586     -46531.3292     -14698.5925     2.131     0     0     0
     587     -46531.7298     -14700.9272     1.8989     2     0     0
                                   
#####     ３回目の切り返し（高台:左）     #####                         
     588     -46532.16     -14702.8952     0.7     0     0     1
     589     -46533.5756     -14704.4291     0.5     0     0     1
     590     -46534.8236     -14704.7615     0.4     0     0     1
     591     -46532.6402     -14704.8839     -0.4     0     0     1
     592     -46531.6691     -14705.0496     -0.8103     0     0     1
     593     -46533.5594     -14703.8954     0.4     0     0     1
     594     -46534.2102     -14701.9678     0.5     0     0     1
     595     -46533.9168     -14699.9298     0.5     1     0     1
                                   
#####     ４回本目のレーン（高台）     #####                         
     596     -46533.5526     -14697.8216     2.1053     0     0     0
     597     -46533.1671     -14695.6095     2.3429     0     0     0
     598     -46532.8081     -14693.4147     2.1271     0     0     0
     599     -46532.4751     -14691.2587     2.126     0     0     0
     600     -46532.1085     -14689.0476     2.2997     0     0     0
     601     -46531.7527     -14686.9149     2.2496     0     0     0
     602     -46531.3612     -14684.7192     2.1828     0     0     0
     603     -46531.0138     -14682.5543     2.2358     0     0     0
     604     -46530.6452     -14680.3636     2.2224     0     0     0
     605     -46530.3144     -14678.2128     2.0846     0     0     0
     606     -46529.9619     -14676.1009     2.0955     0     0     0
     607     -46529.6823     -14673.7644     2.5294     0     0     0
     608     -46529.4435     -14671.7299     2.5953     0     0     0
     609     -46529.025     -14669.3132     2.3392     0     0     0
     610     -46528.7094     -14667.2496     1.8966     0     0     0
     611     -46528.4205     -14664.9614     0.7     2     0     0
                                   
#####     ４回目の切り返し（高台:右）     #####                         
     612     -46528.5426     -14662.936     0.5     0     0     1
     613     -46529.3356     -14661.8691     0.4     0     0     1
     614     -46527.4786     -14663.0923     -0.4     0     0     1
     615     -46526.3431     -14663.5908     -0.6125     0     0     1
     616     -46528.4879     -14663.5768     0.4     0     0     1
     617     -46529.9066     -14665.0082     0.5     0     0     1
     618     -46530.6659     -14667.0819     0.5     0     0     1
     619     -46530.8496     -14669.2076     0.5     1     0     1
                                   
#####     ５回本目のレーン（高台）     #####                         
     620     -46531.2809     -14671.3987     0.7     0     0     0
     621     -46531.7576     -14673.5595     1.8361     0     0     0
     622     -46532.012     -14675.6444     2.2986     0     0     0
     623     -46532.422     -14678.0334     2.4524     0     0     0
     624     -46532.8542     -14680.2987     2.3334     0     0     0
     625     -46533.2849     -14682.517     2.1562     0     0     0
     626     -46533.6681     -14684.7589     2.271     0     0     0
     627     -46534.0023     -14687.0071     2.3716     0     0     0
     628     -46534.3824     -14689.2492     2.1894     0     0     0
     629     -46534.7268     -14691.4527     2.216     0     0     0
     630     -46535.0945     -14693.624     2.2086     0     0     0
     631     -46535.4928     -14695.8049     2.2437     0     0     0
     632     -46535.8738     -14697.8739     2.0233     0     0     0
     633     -46536.2512     -14699.9408     1.9502     2     0     0
                                   
#####     ５回目の切り返し（高台:左）     #####                         
     634     -46536.8051     -14702.083     0.5     0     0     1
     635     -46538.2869     -14703.6322     0.5     0     0     1
     636     -46539.1793     -14703.8046     0.4     0     0     1
     637     -46537.094     -14703.6119     -0.4     0     0     1
     638     -46535.6013     -14703.6727     -0.5108     0     0     1
     639     -46537.5008     -14702.9995     0.4     0     0     1
     640     -46538.6064     -14701.1732     0.5     0     0     1
     641     -46538.3652     -14699.1111     0.5     0     0     1
     642     -46538.0149     -14697.0807     0.5     1     0     1
                                   
#####     ６回本目のレーン（高台）     #####                         
     643     -46537.5634     -14694.9335     2.2549     0     0     0
     644     -46537.2082     -14692.7388     2.3325     0     0     0
     645     -46536.8767     -14690.5471     2.1921     0     0     0
     646     -46536.4606     -14688.3957     2.1862     0     0     0
     647     -46536.0567     -14686.2327     2.1659     0     0     0
     648     -46535.6439     -14684.0345     2.255     0     0     0
     649     -46535.2567     -14681.8566     2.1617     0     0     0
     650     -46534.8973     -14679.6763     2.1779     0     0     0
     651     -46534.5972     -14677.4243     2.2517     0     0     0
     652     -46534.3861     -14675.0722     2.5105     0     0     0
     653     -46533.9068     -14672.7567     2.2668     0     0     0
     654     -46533.3836     -14670.7616     1.9167     0     0     0
     655     -46533.1054     -14668.4928     0.7     2     0     0
                                   
#####     ６回目の切り返し（高台:右）     #####                         
     656     -46533.4057     -14666.3784     0.5     0     0     1
     657     -46534.8279     -14664.9855     0.5     0     0     1
     658     -46535.3183     -14664.8413     0.4     0     0     1
     659     -46533.1575     -14665.0447     -0.4     0     0     1
     660     -46531.948     -14665.0136     -0.5547     0     0     1
     661     -46534.0168     -14665.7379     0.4     0     0     1
     662     -46534.8271     -14667.6059     0.4     0     0     1
     663     -46535.2877     -14669.726     0.5     1     0     1
                                   
#####     ７回本目のレーン（高台）     #####                         
     664     -46535.8667     -14672.0305     1.9302     0     0     0
     665     -46536.3926     -14673.9965     2.046     0     0     0
     666     -46536.8717     -14675.9553     1.9806     0     0     0
     667     -46537.1607     -14678.0572     2.1675     0     0     0
     668     -46537.4613     -14680.2457     2.2846     0     0     0
     669     -46537.8616     -14682.4228     2.1574     0     0     0
     670     -46538.2374     -14684.6237     2.2481     0     0     0
     671     -46538.6298     -14686.8516     2.3404     0     0     0
     672     -46538.9732     -14689.0791     2.347     0     0     0
     673     -46539.3381     -14691.2825     2.2777     0     0     0
     674     -46539.7525     -14693.4105     2.19     0     0     0
     675     -46540.1715     -14695.5301     2.1479     2     0     0
                                   
#####     ７回目の切り返し（高台:左）     #####                         
     676     -46540.5923     -14697.7391     0.7     0     0     1
     677     -46541.66     -14699.7835     0.5     0     0     1
     678     -46542.2891     -14700.2443     0.4     0     0     1
     679     -46540.4417     -14699.4495     -0.4     0     0     1
     680     -46538.9347     -14699.194     -0.5517     0     0     1
     681     -46541.0341     -14698.9883     0.4     0     0     1
     682     -46542.4098     -14697.8087     0.5     0     0     1
     683     -46542.5083     -14695.6447     0.5     0     0     1
     684     -46542.2376     -14693.6564     0.6     0     0     1
     685     -46541.8841     -14691.5492     0.6     1     0     1
                                   
#####     ８回本目のレーン（高台）     #####                         
     686     -46541.451     -14689.4101     2.2293     0     0     0
     687     -46541.0574     -14687.2482     2.1257     0     0     0
     688     -46540.708     -14685.0636     2.0736     0     0     0
     689     -46540.3709     -14682.8178     2.3441     0     0     0
     690     -46539.938     -14680.574     2.2487     0     0     0
     691     -46539.4353     -14678.3728     2.2755     0     0     0
     692     -46538.9068     -14676.0948     2.241     0     0     0
     693     -46538.487     -14673.8877     2.0413     2     0     0
                                   
#####     ８回目の切り返し（高台:右）     #####                         
     694     -46538.1508     -14671.9086     0.6     0     0     1
     695     -46538.2848     -14669.6018     0.5     0     0     1
     696     -46538.8411     -14668.191     0.4     0     0     1
     697     -46537.6775     -14669.8258     -0.4     0     0     1
     698     -46536.3332     -14670.9627     -0.506     0     0     1
     699     -46538.3052     -14670.4009     0.4     0     0     1
     700     -46539.7965     -14671.5022     0.4     0     0     1
     701     -46540.4749     -14673.4678     0.5     0     0     1
     702     -46540.9311     -14675.7003     0.5     1     0     1
                                   
#####     ９回本目のレーン（高台）     #####                         
     703     -46541.3411     -14677.6705     2.2024     0     0     0
     704     -46541.8027     -14679.8561     2.3292     0     0     0
     705     -46542.3001     -14681.9795     2.2237     0     0     0
     706     -46542.7955     -14684.1394     2.1655     0     0     0
     707     -46543.2644     -14686.3258     2.3537     0     0     0
     708     -46543.6849     -14688.4834     2.0982     0     0     0
     709     -46544.0439     -14690.6143     2.1558     2     0     0
                                   
#####     ９回目の切り返し（高台:左）     （最後）#####                         
     710     -46544.4562     -14692.6871     0.7     0     0     1
     711     -46545.2883     -14694.6585     0.5     0     0     1
     712     -46546.1704     -14695.7496     0.4     0     0     1
     713     -46544.4021     -14694.4002     -0.4     0     0     1
     714     -46542.478     -14693.8539     -1.1958     0     0     1
     715     -46541.6971     -14693.8517     -0.4     0     0     1
     716     -46543.7684     -14693.3345     0.4     0     0     1
     717     -46545.2974     -14691.8183     0.5     0     0     1
     718     -46545.8216     -14689.868     0.5     0     0     1
     719     -46545.5653     -14687.4965     0.5     1     0     1
                                   
#####     エッジ（高台から下へ。右側から）     #####                         
     720     -46545.0766     -14685.1445     2.1268     0     0     0
     721     -46544.5425     -14682.9987     2.2231     0     0     0
     722     -46543.9591     -14680.9106     2.1228     0     0     0
     723     -46543.2509     -14678.8309     2.2664     0     0     0
     724     -46542.2959     -14676.7827     2.3721     0     0     0
     725     -46541.1244     -14674.7211     2.4252     0     0     0
     726     -46539.7322     -14672.801     2.298     0     0     0
     727     -46538.1859     -14670.9528     2.6062     0     0     0
     728     -46536.4854     -14669.3111     2.3159     0     0     0
     729     -46534.7579     -14667.6884     2.2559     0     0     0
     730     -46532.897     -14666.2578     1.9699     0     0     0
     731     -46531.0618     -14665.0799     1.8204     0     0     0
     732     -46529.1845     -14664.1551     2.1525     0     0     0
     733     -46526.9689     -14663.3379     2.5045     0     0     0
     734     -46524.6201     -14662.8096     2.3854     0     0     0
     735     -46522.2913     -14662.389     2.3031     0     0     0
     736     -46519.9121     -14662.0056     2.6549     0     0     0
     737     -46517.441     -14661.6349     2.5191     0     0     0
     738     -46515.4279     -14661.4543     2.2872     0     0     0
     739     -46513.183     -14661.2542     2.1433     0     0     0
     740     -46511.1346     -14661.0665     2.0347     0     0     0
     741     -46508.9314     -14660.9987     2.3037     0     0     0
     742     -46506.6236     -14661.2998     2.3678     0     0     0
     743     -46504.3351     -14661.8692     2.2979     0     0     0
     744     -46502.1124     -14662.6717     2.2901     0     0     0
     745     -46499.8578     -14663.7008     2.3988     0     0     0
     746     -46497.6488     -14664.7867     2.5216     0     0     0
     747     -46495.4046     -14665.8289     2.447     0     0     0
     748     -46493.2573     -14666.9372     2.3744     0     0     0
     749     -46491.5148     -14667.9706     2.5061     0     0     0
     750     -46489.4523     -14669.2386     2.3781     0     0     0
     751     -46487.4161     -14670.3979     2.3296     0     0     0
     752     -46485.3027     -14671.453     2.3597     0     0     0
     753     -46483.249     -14672.4532     2.2     0     0     0
     754     -46481.1969     -14673.3986     2.2534     0     0     0
     755     -46479.0792     -14674.3111     2.2932     0     0     0
     756     -46476.9443     -14675.1596     2.2745     0     0     0
     757     -46474.7158     -14675.8068     2.2835     0     0     0
     758     -46472.5484     -14676.3127     2.2263     0     0     0
     759     -46470.2158     -14676.714     2.281     0     0     0
     760     -46467.8875     -14677.0384     2.2025     2     0     0
                                   
#####     終了で中央へ移動     #####                         
     761     -46465.7626     -14677.4758     2.2377     0     0     0
     762     -46463.5797     -14678.1699     2.2834     0     0     0
     763     -46461.419     -14679.2503     2.4723     0     0     0
     764     -46459.5023     -14680.6292     2.3777     0     0     0
     765     -46457.9921     -14682.1472     2.2358     0     0     0
     766     -46456.706     -14683.7257     2.0283     0     0     0
     767     -46455.5609     -14685.3874     2     0     0     0
     768     -46454.5221     -14687.1687     2.1276     0     0     0
     769     -46453.6247     -14689.0091     2.0615     0     0     0
     770     -46452.7327     -14691.2285     2.008     0     0     0
     771     -46452.0433     -14693.342     1.5679     0     0     0
     772     -46451.6639     -14695.3344     1.6955     0     0     0
     773     -46451.6514     -14697.3837     1.2126     0     0     0
#     Start     Positionn#     -46446.4333     -14695.9133     2.9682          
