#    Num. of WP
    116
#    ID    WP_x[m]         WP_y[m]          Velocity[m/s]		CUT_Flag[1:down, 2:up]		area_type
     1     -46445.7518     -14695.2784          0.0000	              0                         0
     2     -46447.7970     -14695.0057          0.8000	              0                         0
     3     -46449.9041     -14694.5280          2.1000	              0                         0
     4     -46452.0606     -14693.6627          2.2000	              0                         0
     5     -46454.1291     -14692.7214          2.4000	              0                         0
     6     -46456.1937     -14691.7974          2.3000	              0                         0
     7     -46458.2828     -14691.0022          2.1000	              0                         0
     8     -46460.4874     -14690.3443          2.2000	              0                         0
     9     -46462.6766     -14689.8119          2.0000	              0                         0
    10     -46464.8336     -14689.1454          2.2000	              0                         0
    11     -46466.8587     -14688.0967          2.2000	              0                         0
    12     -46468.6359     -14686.8852          2.4000	              0                         0
    13     -46470.3412     -14685.4813          2.1000	              0                         0
    14     -46472.0196     -14684.0340          2.1000	              0                         0
    15     -46473.6703     -14682.5567          2.2000	              0                         0
    16     -46475.2304     -14681.0681          2.0000	              0                         0
    17     -46476.7617     -14679.6159          2.1000	              0                         0
    18     -46478.3032     -14678.1391          2.1000	              0                         0
    19     -46480.0132     -14676.7796          2.2000	              0                         0
    20     -46481.8735     -14675.4851          2.3000	              0                         0
    21     -46483.7502     -14674.2508          2.1000	              0                         0
    22     -46485.5832     -14673.0373          2.0000	              0                         0
    23     -46487.4275     -14671.8882          2.2000	              0                         0
    24     -46489.2456     -14670.7976          2.0000	              0                         0
    25     -46491.1237     -14669.6974          2.1000	              0                         0
    26     -46492.9546     -14668.7171          1.9000	              0                         0
    27     -46494.7689     -14667.7407          2.1000	              0                         0
    28     -46496.6830     -14666.9059          2.1000	              0                         0
    29     -46498.5570     -14666.1715          2.0000	              0                         0
    30     -46500.4843     -14665.4581          2.0000	              0                         0
    31     -46502.6008     -14664.6640          1.8000	              0                         0
    32     -46504.6997     -14663.9402          1.9000	              0                         0
    33     -46506.9012     -14663.1762          1.9000	              0                         0
    34     -46509.2498     -14662.6483          2.1000	              0                         0
    35     -46511.6273     -14662.4595          2.5000	              0                         0
    36     -46513.6437     -14662.4171          2.5000	              0                         0
    37     -46515.7672     -14662.5239          2.0000	              0                         0
    38     -46518.0002     -14662.9079          1.8000	              0                         0
    39     -46519.9800     -14663.4099          2.3000	              0                         0
    40     -46522.0711     -14663.9432          2.1000	              0                         0
    41     -46524.2989     -14664.4983          2.1000	              0                         0
    42     -46526.4391     -14665.0596          2.1000	              0                         0
    43     -46528.6475     -14665.7383          2.3000	              0                         0
    44     -46530.9897     -14666.6032          2.5000	              0                         0
    45     -46533.2506     -14667.4412          2.2000	              0                         0
    46     -46535.0575     -14668.3196          2.4000	              0                         0
    47     -46536.8877     -14669.7149          2.2000	              0                         0
    48     -46538.4789     -14671.1703          2.0000	              0                         0
    49     -46539.8651     -14672.7693          2.2000	              0                         0
    50     -46541.1050     -14674.6095          2.1000	              0                         0
    51     -46542.1347     -14676.5368          2.2000	              0                         0
    52     -46543.0661     -14678.5761          2.4000	              0                         0
    53     -46543.9130     -14680.6439          2.2000	              0                         0
    54     -46544.6795     -14682.8829          2.4000	              0                         0
    55     -46545.3776     -14685.0991          2.2000	              0                         0
    56     -46545.8789     -14687.5176          2.5000	              0                         0
    57     -46545.8493     -14689.8882          2.3000	              0                         0
    58     -46545.1587     -14692.1513          2.4000	              0                         0
    59     -46544.0987     -14694.2523          2.4000	              0                         0
    60     -46542.7597     -14696.2646          2.5000	              0                         0
    61     -46541.1131     -14698.0539          2.4000	              0                         0
    62     -46539.1510     -14699.4091          2.3000	              0                         0
    63     -46536.9709     -14700.3190          2.3000	              0                         0
    64     -46534.6368     -14701.0879          2.6000	              0                         0
    65     -46532.2217     -14701.7350          2.6000	              0                         0
    66     -46530.1963     -14702.2162          2.7000	              0                         0
    67     -46528.0825     -14702.6685          2.7000	              0                         0
    68     -46525.9047     -14703.0447          2.8000	              0                         0
    69     -46523.7545     -14703.3164          2.7000	              0                         0
    70     -46521.4558     -14703.5407          2.7000	              0                         0
    71     -46519.1397     -14703.6903          2.9000	              0                         0
    72     -46516.8519     -14703.7992          2.7000	              0                         0
    73     -46514.6261     -14703.9101          2.7000	              0                         0
    74     -46512.3792     -14703.9167          2.5000	              0                         0
    75     -46510.1737     -14703.7599          2.8000	              0                         0
    76     -46507.9622     -14703.3727          2.5000	              0                         0
    77     -46505.7812     -14702.8459          2.8000	              0                         0
    78     -46503.7219     -14701.9652          2.9000	              0                         0
    79     -46501.8147     -14700.9239          2.7000	              0                         0
    80     -46499.9060     -14699.8837          2.8000	              0                         0
    81     -46498.0045     -14699.1118          2.3000	              0                         0
    82     -46495.9375     -14698.7755          2.5000	              0                         0
    83     -46493.8586     -14698.9461          2.7000	              0                         0
    84     -46491.8796     -14699.2819          2.7000	              0                         0
    85     -46489.6368     -14699.7972          2.2000	              0                         0
    86     -46487.4913     -14700.4023          2.2000	              0                         0
    87     -46485.1100     -14700.9817          2.5000	              0                         0
    88     -46483.1155     -14701.4393          2.6000	              0                         0
    89     -46481.1489     -14702.0041          2.5000	              0                         0
    90     -46479.2289     -14702.6954          2.5000	              0                         0
    91     -46477.3466     -14703.4181          2.4000	              0                         0
    92     -46475.0756     -14704.3082          2.3000	              0                         0
    93     -46472.8370     -14705.0623          2.4000	              0                         0
    94     -46470.4789     -14705.5476          2.4000	              0                         0
    95     -46468.0890     -14705.5982          2.4000	              0                         0
    96     -46465.7242     -14705.1892          2.4000	              0                         0
    97     -46463.4823     -14704.4104          2.2000	              0                         0
    98     -46461.3661     -14703.2344          2.3000	              0                         0
    99     -46459.5352     -14701.7158          2.4000	              0                         0
   100     -46457.9964     -14699.8880          2.1000	              0                         0
   101     -46457.2066     -14697.7423          2.3000	              0                         0
   102     -46457.1873     -14695.4541          2.2000	              0                         0
   103     -46457.8468     -14693.4263          2.1000	              0                         0
   104     -46459.8170     -14692.2616          1.9000	              0                         0
   105     -46462.0068     -14692.0130          1.2000	              0                         0
   106     -46464.0190     -14691.6987          0.7000	              0                         0
   107     -46464.8298     -14691.5772          0.4000	              0                         0
   108     -46462.8490     -14691.9748         -1.3000	              0                         0
   109     -46460.8163     -14692.4849         -1.2000	              0                         0
   110     -46458.7748     -14693.0053         -1.2000	              0                         0
   111     -46456.6950     -14693.4764         -1.3000	              0                         0
   112     -46454.6679     -14693.9243         -1.3000	              0                         0
   113     -46452.6299     -14694.3774         -1.3000	              0                         0
   114     -46450.6691     -14694.8283         -1.2000	              0                         0
   115     -46448.5154     -14695.3021         -1.4000	              0                         0
   116     -46446.4634     -14695.8195         -1.1000	              0                         0
#	Start Positionn#     -46445.7518     -14695.2784          3.0090
