#	Start 	Position					
#	-46466.4889	-14705.1693	1.1521				
#	Num.	of	WP				
	123						
#	ID	WP_x[m]	WP_y[m]    	Velocity[m/s]	CUT_Flag[1:down:2:up]	area_type	gain_id
	1 	-46466.4889 	-14705.1693 	0.2	0	0	0
	2 	-46466.2744 	-14704.7176 	0.5	0	0	0
	3 	-46466.0600 	-14704.2660 	0.7	0	0	0
	4 	-46465.8455 	-14703.8143 	1	0	0	0
	5 	-46465.6310 	-14703.3626 	1	0	0	0
	6 	-46465.4166 	-14702.9110 	1	0	0	0
	7 	-46465.2021 	-14702.4593 	1	0	0	0
	8 	-46464.9876 	-14702.0076 	1	0	0	0
	9 	-46464.7732 	-14701.5560 	1	0	0	0
	10 	-46464.5587 	-14701.1043 	1	0	0	0
	11 	-46464.3442 	-14700.6526 	1	0	0	0
	12 	-46464.1297 	-14700.2010 	1	0	0	0
	13 	-46463.9153 	-14699.7493 	1	0	0	0
	14 	-46463.7055 	-14699.2954 	1	1	0	0
	15 	-46463.4958 	-14698.8415 	1	0	0	0
	16 	-46463.2860 	-14698.3877 	1	0	0	0
	17 	-46463.0763 	-14697.9338 	1	0	0	0
	18 	-46462.8665 	-14697.4799 	1	0	0	0
	19 	-46462.6568 	-14697.0260 	1	0	0	0
	20 	-46462.4470 	-14696.5722 	1	0	0	0
	21 	-46462.2372 	-14696.1183 	1	0	0	0
	22 	-46462.0275 	-14695.6644 	1	0	0	0
	23 	-46461.8177 	-14695.2105 	1	0	0	0
	24 	-46461.6080 	-14694.7567 	1	0	0	0
	25 	-46461.3982 	-14694.3028 	1	0	0	0
	26 	-46461.1885 	-14693.8489 	1	0	0	0
	27 	-46460.9787 	-14693.3950 	1	0	0	0
	28 	-46460.7690 	-14692.9412 	1	0	0	0
	29 	-46460.5592 	-14692.4873 	1	0	0	0
	30 	-46460.3494 	-14692.0334 	1	0	0	0
	31 	-46460.1397 	-14691.5795 	1	0	0	0
	32 	-46459.9299 	-14691.1257 	1	0	0	0
	33 	-46459.7202 	-14690.6718 	1	0	0	0
	34 	-46459.5104 	-14690.2179 	1	0	0	0
	35 	-46459.20261	-14689.48589	1	2	0	0
#Circle						
	36 	-46459.05118	-14689.00325	1	0	0	1
	37 	-46459		-14688.5	1	0	0	1
	38 	-46459.05118	-14687.99675	1	0	0	1
	39 	-46459.20261	-14687.51411	1	0	0	1
	40 	-46459.44809	-14687.07183	1	0	0	1
	41 	-46459.77758	-14686.68802	1	0	0	1
	42 	-46460.17759	-14686.37839	1	0	0	1
	43 	-46460.63174	-14686.15562	1	0	0	1
	44 	-46461.12143	-14686.02883	1	0	0	1
	45 	-46461.62662	-14686.00321	1	0	0	1
	46 	-46462.12663	-14686.07981	1	0	0	1
	47 	-46462.60099	-14686.25549	1	0	0	1
	48 	-46463.03026	-14686.52306	1	0	0	1
	49 	-46463.3969	-14686.87157	1	0	0	1
	50 	-46463.68587	-14687.28675	1	0	0	1
	51 	-46463.88535	-14687.75159	1	0	0	1
	52 	-46463.98717	-14688.24708	1	0	0	1
	53 	-46463.98717	-14688.75292	1	0	0	1
	54 	-46463.88535	-14689.24841	1	0	0	1
	55 	-46463.68587	-14689.71325	1	0	0	1
	56 	-46463.3969	-14690.12843	1	0	0	1
	57 	-46463.03026	-14690.47694	1	0	0	1
	58 	-46462.60099	-14690.74451	1	0	0	1
	59 	-46462.12663	-14690.92019	1	0	0	1
	60 	-46461.62662	-14690.99679	1	0	0	1
	61 	-46461.12143	-14690.97117	1	0	0	1
	62 	-46460.63174	-14690.84438	1	0	0	1
	63 	-46460.17759	-14690.62161	1	0	0	1
	64 	-46459.77758	-14690.31198	1	0	0	1
	65 	-46459.44809	-14689.92817	1	0	0	1
#Circle end						
	66 	-46459.0814 	-14689.2134 	1	0	0	0
	67 	-46458.8883 	-14688.7522 	1	0	0	0
	68 	-46458.6951 	-14688.2910 	1	0	0	0
	69 	-46458.5020 	-14687.8299 	1	0	0	0
	70 	-46458.3087 	-14687.3687 	1	0	0	0
	71 	-46458.1157 	-14686.9075 	1	0	0	0
	72 	-46457.9225 	-14686.4463 	1	0	0	0
	73 	-46457.7293 	-14685.9851 	1	0	0	0
	74 	-46457.5362 	-14685.5239 	1	0	0	0
	75 	-46457.3430 	-14685.0628 	0.7	0	0	0
	76 	-46457.1499 	-14684.6016 	0.5	0	0	0
	77 	-46456.9405 	-14684.10171	0.2	0	0	0
#Backward						
	78 	-46457.1499 	-14684.6016 	-0.2	0	0	0
	79 	-46457.3430 	-14685.0628 	-0.5	0	0	0
	80 	-46457.5362 	-14685.5239 	-0.7	0	0	0
	81 	-46457.7293 	-14685.9851 	-1	0	0	0
	82 	-46457.9225 	-14686.4463 	-1	0	0	0
	83 	-46458.1157 	-14686.9075 	-1	0	0	0
	84 	-46458.3088 	-14687.3687 	-1	0	0	0
	85 	-46458.5020 	-14687.8299 	-1	0	0	0
	86 	-46458.6951 	-14688.2910 	-1	0	0	0
	87 	-46458.8883 	-14688.7522 	-1	0	0	0
	88 	-46459.0814 	-14689.2134 	-1	0	0	0
	89 	-46459.2959 	-14689.7156 	-1	0	0	0
	90 	-46459.5104 	-14690.2179 	-1	0	0	0
	91 	-46459.7202 	-14690.6718 	-1	0	0	0
	92 	-46459.9290 	-14691.1257 	-1	0	0	0
	93 	-46460.1397 	-14691.5795 	-1	0	0	0
	94 	-46460.3494 	-14692.0334 	-1	0	0	0
	95 	-46460.5592 	-14692.4873 	-1	0	0	0
	96 	-46460.7690 	-14692.9412 	-1	0	0	0
	97 	-46460.9787 	-14693.3950 	-1	0	0	0
	98 	-46461.1885 	-14693.8489 	-1	0	0	0
	99 	-46461.3982 	-14694.3028 	-1	0	0	0
	100 	-46461.6080 	-14694.7567 	-1	0	0	0
	101 	-46461.8177 	-14695.2105 	-1	0	0	0
	102 	-46462.0275 	-14695.6644 	-1	0	0	0
	103 	-46462.2372 	-14696.1183 	-1	0	0	0
	104 	-46462.4470 	-14696.5722 	-1	0	0	0
	105 	-46462.6568 	-14697.0260 	-1	0	0	0
	106 	-46462.8665 	-14697.4799 	-1	0	0	0
	107 	-46463.0763 	-14697.9338 	-1	0	0	0
	108 	-46463.2860 	-14698.3877 	-1	0	0	0
	109 	-46463.4958 	-14698.8415 	-1	0	0	0
	110 	-46463.7055 	-14699.2954 	-1	0	0	0
	111 	-46463.9153 	-14699.7493 	-1	0	0	0
	112 	-46464.1297 	-14700.2010 	-1	0	0	0
	113 	-46464.3442 	-14700.6526 	-1	0	0	0
	114 	-46464.5587 	-14701.1043 	-1	0	0	0
	115 	-46464.7730 	-14701.5560 	-1	0	0	0
	116 	-46464.9870 	-14702.0076 	-1	0	0	0
	117 	-46465.2020 	-14702.4593 	-1	0	0	0
	118 	-46465.4160 	-14702.9110 	-1	0	0	0
	119 	-46465.6310 	-14703.3626 	-1	0	0	0
	120 	-46465.8450 	-14703.8143 	-1	0	0	0
	121 	-46466.0600 	-14704.2660 	-0.7	0	0	0
	122 	-46466.2740 	-14704.7176 	-0.5	0	0	0
	123 	-46466.4880 	-14705.1693 	-0.2	0	0	0
