#     Start     Position                         
#     -46466.4889     -14705.1693     1.1521                    
#     Num.     of     WP                    
     156                         
#     ID     WP_x[m]     WP_y[m]     Velocity[m/s]     CUT_Flag[1:down:2:up]     area_type     gain_id
     1     -46466.4889     -14705.1693     0     0     0     0
     2	   -46466.2744     -14704.7176     0.3	 0     0     0
     3	   -46466.06	   -14704.266      0.5     0     0     0
     4     -46465.8455     -14703.8143     0.7     0     0     0
     5     -46465.631      -14703.3626     1     0     0     0
     6     -46465.4166     -14702.911      1     0     0     0
     7     -46465.2021     -14702.4593     1     0     0     0
     8     -46464.9876     -14702.0076     1     0     0     0
     9     -46464.7732     -14701.556      1     0     0     0
     10    -46464.5587     -14701.1043     1     0     0     0
     11    -46464.3442     -14700.6526     1     0     0     0
     12    -46464.1297     -14700.201      1     0     0     0
     13    -46463.9153     -14699.7493     1     0     0     0
     14    -46463.7055     -14699.2954     1     1     0     0
     15    -46463.4958     -14698.8415      1     0     0     0
     16    -46463.2860     -14698.3877     1     0     0     0
     17    -46463.0763     -14697.9338     1     0     0     0
     18    -46462.8665     -14697.4799      1     0     0     0
     19    -46462.6568     -14697.0260     1     0     0     0
     20    -46462.4470      -14696.5722     1     0     0     0
     21    -46462.2372     -14696.1183      1     0     0     0
     22    -46462.0275     -14695.6644     1     0     0     0
     23    -46461.8177     -14695.2105     1     0     0     0
     24    -46461.6080     -14694.7567      1     0     0     0
     25    -46461.3982     -14694.3028     1     0     0     0
     26    -46461.1885     -14693.8489     1     0     0     0
     27    -46460.9787     -14693.3950     1     0     0     0
     28    -46460.7690     -14692.9412     1     0     0     0
     29    -46460.5592     -14692.4873     1     0     0     0
     30    -46460.3494     -14692.0334     1     0     0     0
     31    -46460.1397     -14691.5795     1     0     0     0
     32    -46459.9299     -14691.1257     1     0     0     0
     33    -46459.7202     -14690.6718     1     0     0     0
     34    -46459.5104     -14690.2179     1     0     0     0  
     35    -46459.3825     -14689.9411     1     2     0     0
#     Circle                              
                                   
     36     -46459.1503     -14689.3388     1     0     0     1
     37     -46459.025     -14688.8549     1     0     0     1
     38     -46458.9486     -14688.361     1     0     0     1
     39     -46458.9219     -14687.8619     1     0     0     1
     40     -46458.9452     -14687.3627     1     0     0     1
     41     -46459.0182     -14686.8682     1     0     0     1
     42     -46459.1402     -14686.3836     1     0     0     1
     43     -46459.31     -14685.9135     1     0     0     1
     44     -46459.5259     -14685.4627     1     0     0     1
     45     -46459.7857     -14685.0358     1     0     0     1
     46     -46460.0868     -14684.6369     1     0     0     1
     47     -46460.4262     -14684.27     1     0     0     1
     48     -46460.8006     -14683.9389     1     0     0     1
     49     -46461.2061     -14683.6468     1     0     0     1
     50     -46461.6388     -14683.3966     1     0     0     1
     51     -46462.0943     -14683.1909     1     0     0     1
     52     -46462.5681     -14683.0317     1     0     0     1
     53     -46463.0554     -14682.9206     1     0     0     1
     54     -46463.5513     -14682.8587     1     0     0     1
     55     -46464.0509     -14682.8466     1     0     0     1
     56     -46464.5493     -14682.8845     1     0     0     1
     57     -46465.0414     -14682.9719     1     0     0     1
     58     -46465.5223     -14683.108     1     0     0     1
     59     -46465.9872     -14683.2914     1     0     0     1
     60     -46466.4315     -14683.5204     1     0     0     1
     61     -46466.8507     -14683.7925     1     0     0     1
     62     -46467.2406     -14684.1051     1     0     0     1
     63     -46467.5974     -14684.4551     1     0     0     1
     64     -46467.9174     -14684.839     1     0     0     1
     65     -46468.1976     -14685.2529     1     0     0     1
     66     -46468.435     -14685.6927     1     0     0     1
     67     -46468.6273     -14686.154     1     0     0     1
     68     -46468.7726     -14686.6322     1     0     0     1
     69     -46468.8694     -14687.1226     1     0     0     1
     70     -46468.9168     -14687.6201     1     0     0     1
     71     -46468.9143     -14688.1199     1     0     0     1
     72     -46468.8619     -14688.6169     1     0     0     1
     73     -46468.7602     -14689.1063     1     0     0     1
     74     -46468.6101     -14689.583     1     0     0     1
     75     -46468.4132     -14690.0423     1     0     0     1
     76     -46468.1714     -14690.4797     1     0     0     1
     77     -46467.8871     -14690.8908     1     0     0     1
     78     -46467.5632     -14691.2715     1     0     0     1
     79     -46467.2029     -14691.6179     1     0     0     1
     80     -46466.8099     -14691.9266     1     0     0     1
     81     -46466.388     -14692.1945     1     0     0     1
     82     -46465.9414     -14692.419     1     0     0     1
     83     -46465.4747     -14692.5977     1     0     0     1
     84     -46464.9925     -14692.729     1     0     0     1
     85     -46464.4995     -14692.8115     1     0     0     1
     86     -46464.0008     -14692.8443     1     0     0     1
                         
     87     -46463.5851     -14692.8336     1     0     0     1
     88     -46463.0888     -14692.7751     1     0     0     1
     89     -46462.6008     -14692.6673     1     0     0     1
     90     -46462.1259     -14692.5113     1     0     0     1
     91     -46461.6691     -14692.3087     1     0     0     1
     92     -46461.2347     -14692.0614     1     0     0     1
     93     -46460.8272     -14691.7721     1     0     0     1
     94     -46460.4506     -14691.4435     1     0     0     1
     95     -46460.1086     -14691.079     1     0     0     1
     96     -46459.8048     -14690.6821     1     0     0     1
     97     -46459.5421     -14690.257     1     0     0     1
     98     -46459.3232     -14689.8077     1     0     0     1
                                 
#	End circle
     99      -46459.0814     -14689.2134     1     0     0     0
     100      -46458.8883     -14688.7522     1     0     0     0
     101      -46458.6951     -14688.291      1     0     0     0
     102      -46458.502      -14687.8299     1     0     0     0
     103      -46458.3088     -14687.3687     1     0     0     0
     104      -46458.1157     -14686.9075     1     0     0     0
     105      -46457.9225     -14686.4463     1     0     0     0
     106      -46457.7293     -14685.9851     1     0     0     0
     107      -46457.5362     -14685.5239     0.7     0     0     0 
     108     -46457.343      -14685.0628     0.5     0     0     0
     109     -46457.1499     -14684.6016     0.3     0     0     0
     110     -46456.9405     -14684.1017     0.1     0     0     0
#	Backward                              
     111     -46457.1499     -14684.6016     -0.1     0     0     0
     112     -46457.343      -14685.0628     -0.3     0     0     0
     113     -46457.5362     -14685.5239     -0.5     0     0     0
     114     -46457.7293     -14685.9851     -0.7     0     0     0
     115     -46457.9225     -14686.4463     -1     0     0     0
     116     -46458.1157     -14686.9075     -1     0     0     0
     117     -46458.3088     -14687.3687     -1     0     0     0
     118     -46458.502      -14687.8299     -1     0     0     0
     119     -46458.6951     -14688.291      -1     0     0     0
     120     -46458.8883     -14688.7522     -1     0     0     0
     121     -46459.0814     -14689.2134     -1     0     0     0
     122     -46459.2959      -14689.7156     -1     0     0     0
     123    -46459.5104     -14690.2179     -1     0     0     0 
     124   -46459.7202     -14690.6718     -1     0     0     0
     125   -46459.9299     -14691.1257     -1     0     0     0
     126    -46460.1397     -14691.5795     -1     0     0     0
     127    -46460.3494     -14692.0334     -1     0     0     0
     128    -46460.5592     -14692.4873     -1     0     0     0
     129    -46460.7690     -14692.9412     -1     0     0     0
     130    -46460.9787     -14693.3950     -1     0     0     0
     131    -46461.1885     -14693.8489     -1     0     0     0
     132    -46461.3982     -14694.3028     -1     0     0     0
     133    -46461.6080     -14694.7567     -1     0     0     0
     134    -46461.8177     -14695.2105     -1     0     0     0
     135    -46462.0275     -14695.6644     -1     0     0     0
     136    -46462.2372     -14696.1183     -1     0     0     0
     137    -46462.4470     -14696.5722     -1     0     0     0
     138    -46462.6568     -14697.0260     -1     0     0     0
     139   -46462.8665     -14697.4799     -1     0     0     0
     140    -46463.0763     -14697.9338     -1     0     0     0
     141    -46463.2860     -14698.3877     -1     0     0     0
     142    -46463.4958     -14698.8415     -1     0     0     0
     143    -46463.7055     -14699.2954     -1     0     0     0
     144    -46463.9153     -14699.7493     -1     0     0     0
     145    -46464.1297     -14700.201      -1     0     0     0
     146    -46464.3442     -14700.6526     -1     0     0     0
     147    -46464.5587     -14701.1043     -1     0     0     0
     148     -46464.7732     -14701.556      -1     0     0     0
     149     -46464.9876     -14702.0076     -1     0     0     0
     150     -46465.2021     -14702.4593     -1     0     0     0
     151     -46465.4166     -14702.911      -1     0     0     0
     152     -46465.631      -14703.3626     -1     0     0     0
     153     -46465.8455     -14703.8143     -0.7     0     0     0
     154     -46466.06	      -14704.266      -0.5     0     0     0
     155     -46466.2744     -14704.7176     -0.3	 0     0     0
     156     -46466.4889     -14705.1693     -0.1     0     0     0
